556262000000,82,556262000000,world,0.100837677635,0.00119724448459,-0.00458788756588,6.96685193308e-06,-0.000117224852101,-2.34431641663e-05,0.99999999283
556297000000,83,556296000000,world,0.100837677635,0.00119724448459,-0.00458788756588,6.96685193308e-06,-0.000117224852101,-2.34431641663e-05,0.99999999283
556330000000,84,556329000000,world,0.100837677635,0.00119724448459,-0.00458788756588,6.96685193308e-06,-0.000117224852101,-2.34431641663e-05,0.99999999283
556362000000,85,556362000000,world,0.100786019514,0.00120533743785,-0.00459656984423,7.010901452e-06,-0.00011405113773,-2.38879858579e-05,0.999999993186
556396000000,86,556396000000,world,0.100786019514,0.00120533743785,-0.00459656984423,7.010901452e-06,-0.00011405113773,-2.38879858579e-05,0.999999993186
556429000000,87,556429000000,world,0.100786019514,0.00120533743785,-0.00459656984423,7.010901452e-06,-0.00011405113773,-2.38879858579e-05,0.999999993186
556463000000,88,556462000000,world,0.10073896082,0.00121352449365,-0.00460292680722,7.02154355903e-06,-0.000110809421694,-2.43255214849e-05,0.99999999354
556497000000,89,556496000000,world,0.10073896082,0.00121352449365,-0.00460292680722,7.02154355903e-06,-0.000110809421694,-2.43255214849e-05,0.99999999354
556530000000,90,556529000000,world,0.10073896082,0.00121352449365,-0.00460292680722,7.02154355903e-06,-0.000110809421694,-2.43255214849e-05,0.99999999354
556562000000,91,556562000000,world,0.10069540058,0.00122207980792,-0.00460718313835,6.99633047718e-06,-0.000107556515273,-2.4759595528e-05,0.999999993885
556596000000,92,556596000000,world,0.10069540058,0.00122207980792,-0.00460718313835,6.99633047718e-06,-0.000107556515273,-2.4759595528e-05,0.999999993885
556629000000,93,556629000000,world,0.10069540058,0.00122207980792,-0.00460718313835,6.99633047718e-06,-0.000107556515273,-2.4759595528e-05,0.999999993885
556663000000,94,556662000000,world,0.100656351956,0.00123121094749,-0.00460930759577,6.93445065703e-06,-0.000104318283555,-2.5190258403e-05,0.999999994218
556696000000,95,556696000000,world,0.100656351956,0.00123121094749,-0.00460930759577,6.93445065703e-06,-0.000104318283555,-2.5190258403e-05,0.999999994218
556729000000,96,556729000000,world,0.100656351956,0.00123121094749,-0.00460930759577,6.93445065703e-06,-0.000104318283555,-2.5190258403e-05,0.999999994218
556762000000,97,556762000000,world,0.100623997628,0.00124119997002,-0.00460925450046,6.83378805422e-06,-0.000101094589387,-2.56175512453e-05,0.999999994538
556796000000,98,556796000000,world,0.100623997628,0.00124119997002,-0.00460925450046,6.83378805422e-06,-0.000101094589387,-2.56175512453e-05,0.999999994538
556829000000,99,556829000000,world,0.100623997628,0.00124119997002,-0.00460925450046,6.83378805422e-06,-0.000101094589387,-2.56175512453e-05,0.999999994538
556862000000,100,556862000000,world,0.100583447994,0.0012522243389,-0.00460844762419,6.70707265554e-06,-9.80544191806e-05,-2.60719118163e-05,0.99999999483
556896000000,101,556896000000,world,0.100583447994,0.0012522243389,-0.00460844762419,6.70707265554e-06,-9.80544191806e-05,-2.60719118163e-05,0.99999999483
556929000000,102,556929000000,world,0.100583447994,0.0012522243389,-0.00460844762419,6.70707265554e-06,-9.80544191806e-05,-2.60719118163e-05,0.99999999483
556962000000,103,556962000000,world,0.100547530588,0.00126424567563,-0.00460638982225,6.56085737394e-06,-9.51161671039e-05,-2.65358134135e-05,0.999999995103
556996000000,104,556996000000,world,0.100547530588,0.00126424567563,-0.00460638982225,6.56085737394e-06,-9.51161671039e-05,-2.65358134135e-05,0.999999995103
557030000000,105,557029000000,world,0.100547530588,0.00126424567563,-0.00460638982225,6.56085737394e-06,-9.51161671039e-05,-2.65358134135e-05,0.999999995103
557062000000,106,557062000000,world,0.100512218234,0.00127707119676,-0.00460310669056,6.39594967256e-06,-9.22762229662e-05,-2.70060394142e-05,0.999999995357
557096000000,107,557096000000,world,0.100512218234,0.00127707119676,-0.00460310669056,6.39594967256e-06,-9.22762229662e-05,-2.70060394142e-05,0.999999995357
557130000000,108,557129000000,world,0.100512218234,0.00127707119676,-0.00460310669056,6.39594967256e-06,-9.22762229662e-05,-2.70060394142e-05,0.999999995357
557162000000,109,557162000000,world,0.100477338959,0.0012906194774,-0.00459865170973,6.21829587888e-06,-8.9537090743e-05,-2.7482890185e-05,0.999999995595
557197000000,110,557197000000,world,0.100477338959,0.0012906194774,-0.00459865170973,6.21829587888e-06,-8.9537090743e-05,-2.7482890185e-05,0.999999995595
557229000000,111,557229000000,world,0.100477338959,0.0012906194774,-0.00459865170973,6.21829587888e-06,-8.9537090743e-05,-2.7482890185e-05,0.999999995595
557262000000,112,557262000000,world,0.100433474782,0.00130362593256,-0.00459359888844,6.06183576318e-06,-8.70764057529e-05,-2.79576902176e-05,0.9999999958
557297000000,113,557296000000,world,0.100433474782,0.00130362593256,-0.00459359888844,6.06183576318e-06,-8.70764057529e-05,-2.79576902176e-05,0.9999999958
557329000000,114,557329000000,world,0.100433474782,0.00130362593256,-0.00459359888844,6.06183576318e-06,-8.70764057529e-05,-2.79576902176e-05,0.9999999958
557363000000,115,557363000000,world,0.100380567363,0.00131710485131,-0.00458783840456,5.90243752824e-06,-8.47496307949e-05,-2.84580700058e-05,0.999999995986
557396000000,116,557396000000,world,0.100380567363,0.00131710485131,-0.00458783840456,5.90243752824e-06,-8.47496307949e-05,-2.84580700058e-05,0.999999995986
557429000000,117,557429000000,world,0.100380567363,0.00131710485131,-0.00458783840456,5.90243752824e-06,-8.47496307949e-05,-2.84580700058e-05,0.999999995986
557462000000,118,557462000000,world,0.100335689592,0.00133104921319,-0.00458047015226,5.73546874733e-06,-8.23907763493e-05,-2.89521168892e-05,0.99999999617
557496000000,119,557496000000,world,0.100335689592,0.00133104921319,-0.00458047015226,5.73546874733e-06,-8.23907763493e-05,-2.89521168892e-05,0.99999999617
557529000000,120,557529000000,world,0.100335689592,0.00133104921319,-0.00458047015226,5.73546874733e-06,-8.23907763493e-05,-2.89521168892e-05,0.99999999617
557562000000,121,557562000000,world,0.100294158643,0.00134539629195,-0.00457188407276,5.56596522927e-06,-8.00575806168e-05,-2.94472357958e-05,0.999999996346
557596000000,122,557596000000,world,0.100294158643,0.00134539629195,-0.00457188407276,5.56596522927e-06,-8.00575806168e-05,-2.94472357958e-05,0.999999996346
557629000000,123,557629000000,world,0.100294158643,0.00134539629195,-0.00457188407276,5.56596522927e-06,-8.00575806168e-05,-2.94472357958e-05,0.999999996346
557662000000,124,557662000000,world,0.100254147598,0.00136022864369,-0.00456220242498,5.39471046712e-06,-7.77699275649e-05,-2.99487243758e-05,0.999999996513
557697000000,125,557697000000,world,0.100254147598,0.00136022864369,-0.00456220242498,5.39471046712e-06,-7.77699275649e-05,-2.99487243758e-05,0.999999996513
557729000000,126,557729000000,world,0.100254147598,0.00136022864369,-0.00456220242498,5.39471046712e-06,-7.77699275649e-05,-2.99487243758e-05,0.999999996513
557762000000,127,557762000000,world,0.10021429718,0.00137546941515,-0.00455152784506,5.22503551614e-06,-7.554118873e-05,-3.04579624142e-05,0.999999996669
557797000000,128,557796000000,world,0.10021429718,0.00137546941515,-0.00455152784506,5.22503551614e-06,-7.554118873e-05,-3.04579624142e-05,0.999999996669
557829000000,129,557829000000,world,0.10021429718,0.00137546941515,-0.00455152784506,5.22503551614e-06,-7.554118873e-05,-3.04579624142e-05,0.999999996669
557862000000,130,557862000000,world,0.100175151851,0.00139108225028,-0.00453987731482,5.05864282963e-06,-7.33772001493e-05,-3.09730539634e-05,0.999999996815
557896000000,131,557896000000,world,0.100175151851,0.00139108225028,-0.00453987731482,5.05864282963e-06,-7.33772001493e-05,-3.09730539634e-05,0.999999996815
557929000000,132,557929000000,world,0.100175151851,0.00139108225028,-0.00453987731482,5.05864282963e-06,-7.33772001493e-05,-3.09730539634e-05,0.999999996815
557962000000,133,557962000000,world,0.100137450496,0.0014070671673,-0.00452726822311,4.89419635596e-06,-7.12654572399e-05,-3.14930567905e-05,0.999999996953
557996000000,134,557996000000,world,0.100137450496,0.0014070671673,-0.00452726822311,4.89419635596e-06,-7.12654572399e-05,-3.14930567905e-05,0.999999996953
558029000000,135,558029000000,world,0.100137450496,0.0014070671673,-0.00452726822311,4.89419635596e-06,-7.12654572399e-05,-3.14930567905e-05,0.999999996953
558062000000,136,558062000000,world,0.100099530837,0.00142350707702,-0.00451371169601,4.73253942146e-06,-6.92184457942e-05,-3.2023266773e-05,0.99999999708
558096000000,137,558096000000,world,0.100099530837,0.00142350707702,-0.00451371169601,4.73253942146e-06,-6.92184457942e-05,-3.2023266773e-05,0.99999999708
558129000000,138,558129000000,world,0.100099530837,0.00142350707702,-0.00451371169601,4.73253942146e-06,-6.92184457942e-05,-3.2023266773e-05,0.99999999708
558162000000,139,558162000000,world,0.100066426758,0.0014400866033,-0.00449934882545,4.57479636073e-06,-6.71988273056e-05,-3.25473204091e-05,0.999999997202
558197000000,140,558196000000,world,0.100066426758,0.0014400866033,-0.00449934882545,4.57479636073e-06,-6.71988273056e-05,-3.25473204091e-05,0.999999997202
558229000000,141,558229000000,world,0.100066426758,0.0014400866033,-0.00449934882545,4.57479636073e-06,-6.71988273056e-05,-3.25473204091e-05,0.999999997202
558262000000,142,558262000000,world,0.10003357546,0.00145715238634,-0.00448410928404,4.41902448545e-06,-6.52394302722e-05,-3.30814012618e-05,0.999999997315
558296000000,143,558296000000,world,0.10003357546,0.00145715238634,-0.00448410928404,4.41902448545e-06,-6.52394302722e-05,-3.30814012618e-05,0.999999997315
558329000000,144,558329000000,world,0.10003357546,0.00145715238634,-0.00448410928404,4.41902448545e-06,-6.52394302722e-05,-3.30814012618e-05,0.999999997315
558363000000,145,558362000000,world,0.0999993655901,0.00147449619358,-0.00446807055519,4.2711653862e-06,-6.336574301e-05,-3.36242174867e-05,0.999999997418
558396000000,146,558396000000,world,0.0999993655901,0.00147449619358,-0.00446807055519,4.2711653862e-06,-6.336574301e-05,-3.36242174867e-05,0.999999997418
558429000000,147,558429000000,world,0.0999993655901,0.00147449619358,-0.00446807055519,4.2711653862e-06,-6.336574301e-05,-3.36242174867e-05,0.999999997418
558462000000,148,558462000000,world,0.0999712233831,0.00149193572809,-0.00445146033531,4.1246896193e-06,-6.15091589547e-05,-3.41574645276e-05,0.999999997516
558497000000,149,558496000000,world,0.0999712233831,0.00149193572809,-0.00445146033531,4.1246896193e-06,-6.15091589547e-05,-3.41574645276e-05,0.999999997516
558529000000,150,558529000000,world,0.0999712233831,0.00149193572809,-0.00445146033531,4.1246896193e-06,-6.15091589547e-05,-3.41574645276e-05,0.999999997516
558562000000,151,558562000000,world,0.0999397659492,0.00150987214434,-0.0044339434448,3.98394155066e-06,-5.97426846723e-05,-3.47082384344e-05,0.999999997605
558596000000,152,558596000000,world,0.0999397659492,0.00150987214434,-0.0044339434448,3.98394155066e-06,-5.97426846723e-05,-3.47082384344e-05,0.999999997605
558629000000,153,558629000000,world,0.0999397659492,0.00150987214434,-0.0044339434448,3.98394155066e-06,-5.97426846723e-05,-3.47082384344e-05,0.999999997605
558662000000,154,558662000000,world,0.0999114338734,0.00152805358852,-0.00441580199473,3.84652804608e-06,-5.80130526737e-05,-3.52586851081e-05,0.999999997688
558696000000,155,558696000000,world,0.0999114338734,0.00152805358852,-0.00441580199473,3.84652804608e-06,-5.80130526737e-05,-3.52586851081e-05,0.999999997688
558730000000,156,558729000000,world,0.0999114338734,0.00152805358852,-0.00441580199473,3.84652804608e-06,-5.80130526737e-05,-3.52586851081e-05,0.999999997688
558762000000,157,558762000000,world,0.0998828430896,0.00154659351481,-0.00439691101286,3.71385249998e-06,-5.63483549496e-05,-3.58178013204e-05,0.999999997764
558796000000,158,558796000000,world,0.0998828430896,0.00154659351481,-0.00439691101286,3.71385249998e-06,-5.63483549496e-05,-3.58178013204e-05,0.999999997764
558830000000,159,558829000000,world,0.0998828430896,0.00154659351481,-0.00439691101286,3.71385249998e-06,-5.63483549496e-05,-3.58178013204e-05,0.999999997764
558862000000,160,558862000000,world,0.0998596312968,0.00156510130541,-0.00437772398664,3.58475366313e-06,-5.47071013625e-05,-3.63659261902e-05,0.999999997836
558896000000,161,558896000000,world,0.0998596312968,0.00156510130541,-0.00437772398664,3.58475366313e-06,-5.47071013625e-05,-3.63659261902e-05,0.999999997836
558929000000,162,558929000000,world,0.0998596312968,0.00156510130541,-0.00437772398664,3.58475366313e-06,-5.47071013625e-05,-3.63659261902e-05,0.999999997836
558963000000,163,558962000000,world,0.0998331366904,0.0015841419067,-0.00435762607846,3.46098883863e-06,-5.31535254931e-05,-3.69321971355e-05,0.999999997899
558997000000,164,558996000000,world,0.0998331366904,0.0015841419067,-0.00435762607846,3.46098883863e-06,-5.31535254931e-05,-3.69321971355e-05,0.999999997899
559029000000,165,559029000000,world,0.0998331366904,0.0015841419067,-0.00435762607846,3.46098883863e-06,-5.31535254931e-05,-3.69321971355e-05,0.999999997899
559062000000,166,559062000000,world,0.0998075641568,0.00160340102916,-0.00433694962158,3.34263195267e-06,-5.16531887678e-05,-3.75019219096e-05,0.999999997957
559096000000,167,559096000000,world,0.0998075641568,0.00160340102916,-0.00433694962158,3.34263195267e-06,-5.16531887678e-05,-3.75019219096e-05,0.999999997957
559130000000,168,559129000000,world,0.0998075641568,0.00160340102916,-0.00433694962158,3.34263195267e-06,-5.16531887678e-05,-3.75019219096e-05,0.999999997957
559163000000,169,559162000000,world,0.0997847981289,0.00162281645732,-0.0043158470094,3.22696855132e-06,-5.01862453834e-05,-3.80701026481e-05,0.999999998011
559197000000,170,559196000000,world,0.0997847981289,0.00162281645732,-0.0043158470094,3.22696855132e-06,-5.01862453834e-05,-3.80701026481e-05,0.999999998011
559229000000,171,559229000000,world,0.0997847981289,0.00162281645732,-0.0043158470094,3.22696855132e-06,-5.01862453834e-05,-3.80701026481e-05,0.999999998011
559262000000,172,559262000000,world,0.0997630676557,0.00164244250775,-0.0042942342448,3.11578550621e-06,-4.87685946645e-05,-3.8641221273e-05,0.999999998059
559296000000,173,559296000000,world,0.0997630676557,0.00164244250775,-0.0042942342448,3.11578550621e-06,-4.87685946645e-05,-3.8641221273e-05,0.999999998059
559329000000,174,559329000000,world,0.0997630676557,0.00164244250775,-0.0042942342448,3.11578550621e-06,-4.87685946645e-05,-3.8641221273e-05,0.999999998059
559362000000,175,559362000000,world,0.0997420857558,0.00166227876245,-0.00427213190622,3.00942718567e-06,-4.74025529911e-05,-3.92157985586e-05,0.999999998103
559397000000,176,559396000000,world,0.0997420857558,0.00166227876245,-0.00427213190622,3.00942718567e-06,-4.74025529911e-05,-3.92157985586e-05,0.999999998103
559429000000,177,559429000000,world,0.0997420857558,0.00166227876245,-0.00427213190622,3.00942718567e-06,-4.74025529911e-05,-3.92157985586e-05,0.999999998103
559463000000,178,559463000000,world,0.0997214976076,0.00168249875759,-0.00424938832349,2.90549524939e-06,-4.60823118003e-05,-3.97985060482e-05,0.999999998142
559496000000,179,559496000000,world,0.0997214976076,0.00168249875759,-0.00424938832349,2.90549524939e-06,-4.60823118003e-05,-3.97985060482e-05,0.999999998142
559529000000,180,559529000000,world,0.0997214976076,0.00168249875759,-0.00424938832349,2.90549524939e-06,-4.60823118003e-05,-3.97985060482e-05,0.999999998142
559563000000,181,559562000000,world,0.0997050753614,0.00170249849294,-0.00422670356132,2.80714340051e-06,-4.47888264213e-05,-4.03684464573e-05,0.999999998178
559596000000,182,559596000000,world,0.0997050753614,0.00170249849294,-0.00422670356132,2.80714340051e-06,-4.47888264213e-05,-4.03684464573e-05,0.999999998178
559629000000,183,559629000000,world,0.0997050753614,0.00170249849294,-0.00422670356132,2.80714340051e-06,-4.47888264213e-05,-4.03684464573e-05,0.999999998178
559663000000,184,559662000000,world,0.099687066357,0.00172294273472,-0.00420326367927,2.71199629198e-06,-4.35596051171e-05,-4.09510084197e-05,0.999999998209
559696000000,185,559696000000,world,0.099687066357,0.00172294273472,-0.00420326367927,2.71199629198e-06,-4.35596051171e-05,-4.09510084197e-05,0.999999998209
559729000000,186,559729000000,world,0.099687066357,0.00172294273472,-0.00420326367927,2.71199629198e-06,-4.35596051171e-05,-4.09510084197e-05,0.999999998209
559762000000,187,559762000000,world,0.0996696837489,0.00174359290815,-0.00417940612552,2.62099768905e-06,-4.23772510921e-05,-4.15369834715e-05,0.999999998236
559796000000,188,559796000000,world,0.0996696837489,0.00174359290815,-0.00417940612552,2.62099768905e-06,-4.23772510921e-05,-4.15369834715e-05,0.999999998236
559829000000,189,559829000000,world,0.0996696837489,0.00174359290815,-0.00417940612552,2.62099768905e-06,-4.23772510921e-05,-4.15369834715e-05,0.999999998236
559862000000,190,559862000000,world,0.0996516261001,0.00176476054228,-0.00415476433852,2.53177674503e-06,-4.12419565401e-05,-4.21359765925e-05,0.999999998259
559896000000,191,559896000000,world,0.0996516261001,0.00176476054228,-0.00415476433852,2.53177674503e-06,-4.12419565401e-05,-4.21359765925e-05,0.999999998259
559929000000,192,559929000000,world,0.0996516261001,0.00176476054228,-0.00415476433852,2.53177674503e-06,-4.12419565401e-05,-4.21359765925e-05,0.999999998259
559963000000,193,559962000000,world,0.0996516261001,0.00176476054228,-0.00415476433852,2.53177674503e-06,-4.12419565401e-05,-4.21359765925e-05,0.999999998259
559996000000,194,559996000000,world,0.0996067065506,0.00179031059287,-0.004124169234,-2.44703430985e-06,4.03090861502e-05,4.28874578947e-05,-0.999999998265
560029000000,195,560029000000,world,0.0996067065506,0.00179031059287,-0.004124169234,-2.44703430985e-06,4.03090861502e-05,4.28874578947e-05,-0.999999998265
560062000000,196,560062000000,world,0.0996067065506,0.00179031059287,-0.004124169234,-2.44703430985e-06,4.03090861502e-05,4.28874578947e-05,-0.999999998265
560096000000,197,560096000000,world,0.0996067065506,0.00179031059287,-0.004124169234,-2.44703430985e-06,4.03090861502e-05,4.28874578947e-05,-0.999999998265
560129000000,198,560129000000,world,0.0995635266374,0.00181679257705,-0.0040920527112,-2.3663265476e-06,3.9345474287e-05,4.36645750133e-05,-0.99999999827
560163000000,199,560162000000,world,0.0995635266374,0.00181679257705,-0.0040920527112,-2.3663265476e-06,3.9345474287e-05,4.36645750133e-05,-0.99999999827
560197000000,200,560196000000,world,0.0995635266374,0.00181679257705,-0.0040920527112,-2.3663265476e-06,3.9345474287e-05,4.36645750133e-05,-0.99999999827
560229000000,201,560229000000,world,0.099560845938,0.00183838767775,-0.00406642057248,-2.29042511163e-06,3.81187761261e-05,4.42639759353e-05,-0.999999998291
560262000000,202,560262000000,world,0.099560845938,0.00183838767775,-0.00406642057248,-2.29042511163e-06,3.81187761261e-05,4.42639759353e-05,-0.999999998291
560297000000,203,560296000000,world,0.099560845938,0.00183838767775,-0.00406642057248,-2.29042511163e-06,3.81187761261e-05,4.42639759353e-05,-0.999999998291
560329000000,204,560329000000,world,0.0995614884993,0.00185997170934,-0.00404083611597,-2.21642141318e-06,3.69076867231e-05,4.4859056246e-05,-0.99999999831
560362000000,205,560362000000,world,0.0995614884993,0.00185997170934,-0.00404083611597,-2.21642141318e-06,3.69076867231e-05,4.4859056246e-05,-0.99999999831
560396000000,206,560396000000,world,0.0995614884993,0.00185997170934,-0.00404083611597,-2.21642141318e-06,3.69076867231e-05,4.4859056246e-05,-0.99999999831
560430000000,207,560429000000,world,0.099562653326,0.00188191594606,-0.00401490550602,-2.14255877573e-06,3.5743844154e-05,4.54611140646e-05,-0.999999998326
560462000000,208,560462000000,world,0.099562653326,0.00188191594606,-0.00401490550602,-2.14255877573e-06,3.5743844154e-05,4.54611140646e-05,-0.999999998326
560496000000,209,560496000000,world,0.099562653326,0.00188191594606,-0.00401490550602,-2.14255877573e-06,3.5743844154e-05,4.54611140646e-05,-0.999999998326
560529000000,210,560529000000,world,0.0995645124742,0.00190402675069,-0.00398885176106,-2.06962759819e-06,3.4634768155e-05,4.60639583644e-05,-0.999999998337
560562000000,211,560562000000,world,0.0995645124742,0.00190402675069,-0.00398885176106,-2.06962759819e-06,3.4634768155e-05,4.60639583644e-05,-0.999999998337
560596000000,212,560596000000,world,0.0995645124742,0.00190402675069,-0.00398885176106,-2.06962759819e-06,3.4634768155e-05,4.60639583644e-05,-0.999999998337
560629000000,213,560629000000,world,0.0995673846543,0.00192645847953,-0.00396268041715,-1.99383311672e-06,3.35770589698e-05,4.66695336681e-05,-0.999999998345
560663000000,214,560662000000,world,0.0995673846543,0.00192645847953,-0.00396268041715,-1.99383311672e-06,3.35770589698e-05,4.66695336681e-05,-0.999999998345
560696000000,215,560696000000,world,0.0995673846543,0.00192645847953,-0.00396268041715,-1.99383311672e-06,3.35770589698e-05,4.66695336681e-05,-0.999999998345
560730000000,216,560729000000,world,0.0995704600881,0.00194909437484,-0.00393638132823,-1.91923421711e-06,3.25805539346e-05,4.7276161158e-05,-0.99999999835
560762000000,217,560762000000,world,0.0995704600881,0.00194909437484,-0.00393638132823,-1.91923421711e-06,3.25805539346e-05,4.7276161158e-05,-0.99999999835
560796000000,218,560796000000,world,0.0995704600881,0.00194909437484,-0.00393638132823,-1.91923421711e-06,3.25805539346e-05,4.7276161158e-05,-0.99999999835
560830000000,219,560829000000,world,0.0995736004183,0.00197197687815,-0.00390992994942,-1.84476701232e-06,3.16440897944e-05,4.78845800695e-05,-0.999999998351
560862000000,220,560862000000,world,0.0995736004183,0.00197197687815,-0.00390992994942,-1.84476701232e-06,3.16440897944e-05,4.78845800695e-05,-0.999999998351
560896000000,221,560896000000,world,0.0995736004183,0.00197197687815,-0.00390992994942,-1.84476701232e-06,3.16440897944e-05,4.78845800695e-05,-0.999999998351
560930000000,222,560929000000,world,0.0995763261474,0.00199505536257,-0.00388328766868,-1.77233186527e-06,3.07698308711e-05,4.84943531558e-05,-0.999999998349
560962000000,223,560962000000,world,0.0995763261474,0.00199505536257,-0.00388328766868,-1.77233186527e-06,3.07698308711e-05,4.84943531558e-05,-0.999999998349
560996000000,224,560996000000,world,0.0995763261474,0.00199505536257,-0.00388328766868,-1.77233186527e-06,3.07698308711e-05,4.84943531558e-05,-0.999999998349
561030000000,225,561029000000,world,0.0995727195521,0.00201804968206,-0.00385599735763,-1.71882392208e-06,3.00176602488e-05,4.91112569943e-05,-0.999999998342
561062000000,226,561062000000,world,0.0995727195521,0.00201804968206,-0.00385599735763,-1.71882392208e-06,3.00176602488e-05,4.91112569943e-05,-0.999999998342
561097000000,227,561097000000,world,0.0995727195521,0.00201804968206,-0.00385599735763,-1.71882392208e-06,3.00176602488e-05,4.91112569943e-05,-0.999999998342
561129000000,228,561129000000,world,0.0995649888434,0.00204034082505,-0.00382878471225,-1.67738211332e-06,2.9358005867e-05,4.97162731685e-05,-0.999999998332
561162000000,229,561162000000,world,0.0995649888434,0.00204034082505,-0.00382878471225,-1.67738211332e-06,2.9358005867e-05,4.97162731685e-05,-0.999999998332
561197000000,230,561196000000,world,0.0995649888434,0.00204034082505,-0.00382878471225,-1.67738211332e-06,2.9358005867e-05,4.97162731685e-05,-0.999999998332
561230000000,231,561229000000,world,0.0995567184486,0.00206327932858,-0.00380081250018,-1.6257730473e-06,2.8719846792e-05,5.03345501043e-05,-0.999999998319
561262000000,232,561262000000,world,0.0995567184486,0.00206327932858,-0.00380081250018,-1.6257730473e-06,2.8719846792e-05,5.03345501043e-05,-0.999999998319
561297000000,233,561297000000,world,0.0995567184486,0.00206327932858,-0.00380081250018,-1.6257730473e-06,2.8719846792e-05,5.03345501043e-05,-0.999999998319
561329000000,234,561329000000,world,0.0995508069055,0.0020859630017,-0.00377309911618,-1.57674827012e-06,2.80845639378e-05,5.09429063947e-05,-0.999999998307
561362000000,235,561362000000,world,0.0995508069055,0.0020859630017,-0.00377309911618,-1.57674827012e-06,2.80845639378e-05,5.09429063947e-05,-0.999999998307
561397000000,236,561396000000,world,0.0995508069055,0.0020859630017,-0.00377309911618,-1.57674827012e-06,2.80845639378e-05,5.09429063947e-05,-0.999999998307
561429000000,237,561429000000,world,0.0995443466329,0.00210920284204,-0.0037446419634,-1.52960822619e-06,2.7472713826e-05,5.15654498686e-05,-0.999999998292
561463000000,238,561462000000,world,0.0995443466329,0.00210920284204,-0.0037446419634,-1.52960822619e-06,2.7472713826e-05,5.15654498686e-05,-0.999999998292
561496000000,239,561496000000,world,0.0995443466329,0.00210920284204,-0.0037446419634,-1.52960822619e-06,2.7472713826e-05,5.15654498686e-05,-0.999999998292
561529000000,240,561529000000,world,0.0995399523718,0.00213215812696,-0.00371646936839,-1.48537840539e-06,2.68671925352e-05,5.21777773921e-05,-0.999999998277
561562000000,241,561562000000,world,0.0995399523718,0.00213215812696,-0.00371646936839,-1.48537840539e-06,2.68671925352e-05,5.21777773921e-05,-0.999999998277
561596000000,242,561596000000,world,0.0995399523718,0.00213215812696,-0.00371646936839,-1.48537840539e-06,2.68671925352e-05,5.21777773921e-05,-0.999999998277
561630000000,243,561630000000,world,0.0995356225246,0.00215545024625,-0.00368781789047,-1.44245331063e-06,2.62814624387e-05,5.27974778006e-05,-0.99999999826
561662000000,244,561662000000,world,0.0995356225246,0.00215545024625,-0.00368781789047,-1.44245331063e-06,2.62814624387e-05,5.27974778006e-05,-0.99999999826
561696000000,245,561696000000,world,0.0995356225246,0.00215545024625,-0.00368781789047,-1.44245331063e-06,2.62814624387e-05,5.27974778006e-05,-0.99999999826
561730000000,246,561729000000,world,0.0995320036512,0.00217885826797,-0.00365895236403,-1.40145022265e-06,2.57109000126e-05,5.34182968772e-05,-0.999999998242
561762000000,247,561762000000,world,0.0995320036512,0.00217885826797,-0.00365895236403,-1.40145022265e-06,2.57109000126e-05,5.34182968772e-05,-0.999999998242
561796000000,248,561796000000,world,0.0995320036512,0.00217885826797,-0.00365895236403,-1.40145022265e-06,2.57109000126e-05,5.34182968772e-05,-0.999999998242
561829000000,249,561829000000,world,0.0995291014799,0.00220242165686,-0.00362987709516,-1.36202379453e-06,2.51551400155e-05,5.40415431576e-05,-0.999999998222
561863000000,250,561863000000,world,0.0995291014799,0.00220242165686,-0.00362987709516,-1.36202379453e-06,2.51551400155e-05,5.40415431576e-05,-0.999999998222
561896000000,251,561896000000,world,0.0995291014799,0.00220242165686,-0.00362987709516,-1.36202379453e-06,2.51551400155e-05,5.40415431576e-05,-0.999999998222
561930000000,252,561929000000,world,0.0995268869296,0.00222609751189,-0.0036006014855,-1.32439886635e-06,2.46141692409e-05,5.46658555071e-05,-0.999999998202
561962000000,253,561962000000,world,0.0995268869296,0.00222609751189,-0.0036006014855,-1.32439886635e-06,2.46141692409e-05,5.46658555071e-05,-0.999999998202
561996000000,254,561996000000,world,0.0995268869296,0.00222609751189,-0.0036006014855,-1.32439886635e-06,2.46141692409e-05,5.46658555071e-05,-0.999999998202
562030000000,255,562029000000,world,0.0995252018943,0.00224988362262,-0.00357112705077,-1.28875280647e-06,2.40894458966e-05,5.52915546773e-05,-0.99999999818
562062000000,256,562062000000,world,0.0995252018943,0.00224988362262,-0.00357112705077,-1.28875280647e-06,2.40894458966e-05,5.52915546773e-05,-0.99999999818
562096000000,257,562096000000,world,0.0995252018943,0.00224988362262,-0.00357112705077,-1.28875280647e-06,2.40894458966e-05,5.52915546773e-05,-0.99999999818
562129000000,258,562129000000,world,0.099524342754,0.00227380068345,-0.00354147087556,-1.25360213082e-06,2.35769456842e-05,5.59182773182e-05,-0.999999998158
562162000000,259,562162000000,world,0.099524342754,0.00227380068345,-0.00354147087556,-1.25360213082e-06,2.35769456842e-05,5.59182773182e-05,-0.999999998158
562196000000,260,562196000000,world,0.099524342754,0.00227380068345,-0.00354147087556,-1.25360213082e-06,2.35769456842e-05,5.59182773182e-05,-0.999999998158
562229000000,261,562229000000,world,0.0995240005956,0.00229783829233,-0.0035116287278,-1.22088347315e-06,2.30801850324e-05,5.65471338108e-05,-0.999999998134
562262000000,262,562262000000,world,0.0995240005956,0.00229783829233,-0.0035116287278,-1.22088347315e-06,2.30801850324e-05,5.65471338108e-05,-0.999999998134
562296000000,263,562296000000,world,0.0995240005956,0.00229783829233,-0.0035116287278,-1.22088347315e-06,2.30801850324e-05,5.65471338108e-05,-0.999999998134
562329000000,264,562329000000,world,0.0995244560016,0.00232200372044,-0.00348161838886,-1.18855176046e-06,2.25952683729e-05,5.71769668234e-05,-0.999999998109
562362000000,265,562362000000,world,0.0995244560016,0.00232200372044,-0.00348161838886,-1.18855176046e-06,2.25952683729e-05,5.71769668234e-05,-0.999999998109
562396000000,266,562396000000,world,0.0995244560016,0.00232200372044,-0.00348161838886,-1.18855176046e-06,2.25952683729e-05,5.71769668234e-05,-0.999999998109
562429000000,267,562429000000,world,0.0995254021764,0.00234626387942,-0.00345143592305,-1.15858649941e-06,2.21255611144e-05,5.78080310518e-05,-0.999999998084
562462000000,268,562462000000,world,0.0995254021764,0.00234626387942,-0.00345143592305,-1.15858649941e-06,2.21255611144e-05,5.78080310518e-05,-0.999999998084
562496000000,269,562496000000,world,0.0995254021764,0.00234626387942,-0.00345143592305,-1.15858649941e-06,2.21255611144e-05,5.78080310518e-05,-0.999999998084
562530000000,270,562529000000,world,0.0995266696156,0.0023708730398,-0.00342081350155,-1.12870805052e-06,2.16699762882e-05,5.84459427814e-05,-0.999999998057
562563000000,271,562562000000,world,0.0995266696156,0.0023708730398,-0.00342081350155,-1.12870805052e-06,2.16699762882e-05,5.84459427814e-05,-0.999999998057
562597000000,272,562596000000,world,0.0995266696156,0.0023708730398,-0.00342081350155,-1.12870805052e-06,2.16699762882e-05,5.84459427814e-05,-0.999999998057
562629000000,273,562629000000,world,0.0995290685966,0.00239537129399,-0.00339032210982,-1.10138987391e-06,2.12236652256e-05,5.90798651556e-05,-0.999999998029
562662000000,274,562662000000,world,0.0995290685966,0.00239537129399,-0.00339032210982,-1.10138987391e-06,2.12236652256e-05,5.90798651556e-05,-0.999999998029
562696000000,275,562696000000,world,0.0995290685966,0.00239537129399,-0.00339032210982,-1.10138987391e-06,2.12236652256e-05,5.90798651556e-05,-0.999999998029
562730000000,276,562729000000,world,0.0995325023026,0.00241974154444,-0.00335997171624,-1.07546727679e-06,2.07872380643e-05,5.97085820052e-05,-0.999999998001
562763000000,277,562763000000,world,0.0995325023026,0.00241974154444,-0.00335997171624,-1.07546727679e-06,2.07872380643e-05,5.97085820052e-05,-0.999999998001
562796000000,278,562796000000,world,0.0995325023026,0.00241974154444,-0.00335997171624,-1.07546727679e-06,2.07872380643e-05,5.97085820052e-05,-0.999999998001
562829000000,279,562829000000,world,0.0995360516385,0.00244445806213,-0.00332918632816,-1.04998321482e-06,2.03667138038e-05,6.0344399203e-05,-0.999999997971
562863000000,280,562862000000,world,0.0995360516385,0.00244445806213,-0.00332918632816,-1.04998321482e-06,2.03667138038e-05,6.0344399203e-05,-0.999999997971
562897000000,281,562896000000,world,0.0995360516385,0.00244445806213,-0.00332918632816,-1.04998321482e-06,2.03667138038e-05,6.0344399203e-05,-0.999999997971
562929000000,282,562929000000,world,0.099540168663,0.00246927499321,-0.00329826025266,-1.02562074e-06,1.99584692507e-05,6.0980959045e-05,-0.999999997941
562963000000,283,562963000000,world,0.099540168663,0.00246927499321,-0.00329826025266,-1.02562074e-06,1.99584692507e-05,6.0980959045e-05,-0.999999997941
562996000000,284,562996000000,world,0.099540168663,0.00246927499321,-0.00329826025266,-1.02562074e-06,1.99584692507e-05,6.0980959045e-05,-0.999999997941
563029000000,285,563029000000,world,0.0995448479261,0.00249421463938,-0.00326719692053,-1.00231308942e-06,1.95622051353e-05,6.16192738537e-05,-0.99999999791
563063000000,286,563062000000,world,0.0995448479261,0.00249421463938,-0.00326719692053,-1.00231308942e-06,1.95622051353e-05,6.16192738537e-05,-0.99999999791
563096000000,287,563096000000,world,0.0995448479261,0.00249421463938,-0.00326719692053,-1.00231308942e-06,1.95622051353e-05,6.16192738537e-05,-0.99999999791
563129000000,288,563129000000,world,0.099550076654,0.00251925206189,-0.00323600155858,-9.8007208793e-07,1.91774925671e-05,6.22583166863e-05,-0.999999997878
563162000000,289,563162000000,world,0.099550076654,0.00251925206189,-0.00323600155858,-9.8007208793e-07,1.91774925671e-05,6.22583166863e-05,-0.999999997878
563196000000,290,563196000000,world,0.099550076654,0.00251925206189,-0.00323600155858,-9.8007208793e-07,1.91774925671e-05,6.22583166863e-05,-0.999999997878
563229000000,291,563229000000,world,0.0995558469725,0.00254439311478,-0.00320467791247,-9.58854783017e-07,1.88040064765e-05,6.2898388129e-05,-0.999999997845
563262000000,292,563262000000,world,0.0995558469725,0.00254439311478,-0.00320467791247,-9.58854783017e-07,1.88040064765e-05,6.2898388129e-05,-0.999999997845
563296000000,293,563296000000,world,0.0995558469725,0.00254439311478,-0.00320467791247,-9.58854783017e-07,1.88040064765e-05,6.2898388129e-05,-0.999999997845
563329000000,294,563329000000,world,0.0995621496218,0.0025696293599,-0.00317323011231,-9.38625508762e-07,1.84413695307e-05,6.35391366847e-05,-0.999999997811
563362000000,295,563362000000,world,0.0995621496218,0.0025696293599,-0.00317323011231,-9.38625508762e-07,1.84413695307e-05,6.35391366847e-05,-0.999999997811
563396000000,296,563396000000,world,0.0995621496218,0.0025696293599,-0.00317323011231,-9.38625508762e-07,1.84413695307e-05,6.35391366847e-05,-0.999999997811
563429000000,297,563429000000,world,0.0995686490867,0.00259520735592,-0.00314135988405,-9.19165865754e-07,1.80914451305e-05,6.41869143966e-05,-0.999999997776
563462000000,298,563462000000,world,0.0995686490867,0.00259520735592,-0.00314135988405,-9.19165865754e-07,1.80914451305e-05,6.41869143966e-05,-0.999999997776
563497000000,299,563496000000,world,0.0995686490867,0.00259520735592,-0.00314135988405,-9.19165865754e-07,1.80914451305e-05,6.41869143966e-05,-0.999999997776
563529000000,300,563529000000,world,0.0995762450072,0.00262037526309,-0.00310997545603,-9.01815849108e-07,1.77478518292e-05,6.48231923244e-05,-0.999999997741
563562000000,301,563562000000,world,0.0995762450072,0.00262037526309,-0.00310997545603,-9.01815849108e-07,1.77478518292e-05,6.48231923244e-05,-0.999999997741
563597000000,302,563597000000,world,0.0995762450072,0.00262037526309,-0.00310997545603,-9.01815849108e-07,1.77478518292e-05,6.48231923244e-05,-0.999999997741
563629000000,303,563629000000,world,0.0995839991354,0.00264589732898,-0.00307817485836,-8.84055676387e-07,1.74167049684e-05,6.54662439161e-05,-0.999999997705
563662000000,304,563662000000,world,0.0995839991354,0.00264589732898,-0.00307817485836,-8.84055676387e-07,1.74167049684e-05,6.54662439161e-05,-0.999999997705
563696000000,305,563696000000,world,0.0995839991354,0.00264589732898,-0.00307817485836,-8.84055676387e-07,1.74167049684e-05,6.54662439161e-05,-0.999999997705
563729000000,306,563729000000,world,0.0995923658125,0.00267151921801,-0.00304627350754,-8.66807789601e-07,1.70939638638e-05,6.61099376003e-05,-0.999999997668
563762000000,307,563762000000,world,0.0995923658125,0.00267151921801,-0.00304627350754,-8.66807789601e-07,1.70939638638e-05,6.61099376003e-05,-0.999999997668
563796000000,308,563796000000,world,0.0995923658125,0.00267151921801,-0.00304627350754,-8.66807789601e-07,1.70939638638e-05,6.61099376003e-05,-0.999999997668
563829000000,309,563829000000,world,0.0996014112181,0.00269717568451,-0.0030142438949,-8.52120739192e-07,1.6777585082e-05,6.67542221117e-05,-0.999999997631
563863000000,310,563862000000,world,0.0996014112181,0.00269717568451,-0.0030142438949,-8.52120739192e-07,1.6777585082e-05,6.67542221117e-05,-0.999999997631
563896000000,311,563896000000,world,0.0996014112181,0.00269717568451,-0.0030142438949,-8.52120739192e-07,1.6777585082e-05,6.67542221117e-05,-0.999999997631
563929000000,312,563929000000,world,0.0996101373584,0.00272347405728,-0.00298181719986,-8.30269249019e-07,1.64883472362e-05,6.74007224626e-05,-0.999999997592
563962000000,313,563962000000,world,0.0996101373584,0.00272347405728,-0.00298181719986,-8.30269249019e-07,1.64883472362e-05,6.74007224626e-05,-0.999999997592
563996000000,314,563996000000,world,0.0996101373584,0.00272347405728,-0.00298181719986,-8.30269249019e-07,1.64883472362e-05,6.74007224626e-05,-0.999999997592
564029000000,315,564029000000,world,0.0996189897989,0.00275025864615,-0.00294898892784,-8.04913110497e-07,1.62158212479e-05,6.80494569055e-05,-0.999999997553
564062000000,316,564062000000,world,0.0996189897989,0.00275025864615,-0.00294898892784,-8.04913110497e-07,1.62158212479e-05,6.80494569055e-05,-0.999999997553
564096000000,317,564096000000,world,0.0996189897989,0.00275025864615,-0.00294898892784,-8.04913110497e-07,1.62158212479e-05,6.80494569055e-05,-0.999999997553
564130000000,318,564130000000,world,0.0996283112412,0.00277731162592,-0.00291576703927,-7.78619497155e-07,1.59519572598e-05,6.86952344995e-05,-0.999999997513
564162000000,319,564162000000,world,0.0996283112412,0.00277731162592,-0.00291576703927,-7.78619497155e-07,1.59519572598e-05,6.86952344995e-05,-0.999999997513
564196000000,320,564196000000,world,0.0996283112412,0.00277731162592,-0.00291576703927,-7.78619497155e-07,1.59519572598e-05,6.86952344995e-05,-0.999999997513
564230000000,321,564230000000,world,0.099638324258,0.00280461986098,-0.00288215757479,-7.54316790141e-07,1.56934619834e-05,6.93429974386e-05,-0.999999997472
564262000000,322,564262000000,world,0.099638324258,0.00280461986098,-0.00288215757479,-7.54316790141e-07,1.56934619834e-05,6.93429974386e-05,-0.999999997472
564296000000,323,564296000000,world,0.099638324258,0.00280461986098,-0.00288215757479,-7.54316790141e-07,1.56934619834e-05,6.93429974386e-05,-0.999999997472
564329000000,324,564329000000,world,0.0996492117409,0.00283210496261,-0.00284817489415,-7.33418439536e-07,1.54367549856e-05,6.99925752554e-05,-0.999999997431
564362000000,325,564362000000,world,0.0996492117409,0.00283210496261,-0.00284817489415,-7.33418439536e-07,1.54367549856e-05,6.99925752554e-05,-0.999999997431
564396000000,326,564396000000,world,0.0996492117409,0.00283210496261,-0.00284817489415,-7.33418439536e-07,1.54367549856e-05,6.99925752554e-05,-0.999999997431
564429000000,327,564429000000,world,0.0996610006746,0.00285969630683,-0.00281383604344,-7.16245493471e-07,1.51808925321e-05,7.06437537385e-05,-0.999999997389
564463000000,328,564462000000,world,0.0996610006746,0.00285969630683,-0.00281383604344,-7.16245493471e-07,1.51808925321e-05,7.06437537385e-05,-0.999999997389
564496000000,329,564496000000,world,0.0996610006746,0.00285969630683,-0.00281383604344,-7.16245493471e-07,1.51808925321e-05,7.06437537385e-05,-0.999999997389
564530000000,330,564530000000,world,0.0995450214206,0.00287508931963,-0.00265773862704,2.63201536355e-06,-0.000158594045108,-7.74053216417e-05,0.999999984425
564562000000,331,564562000000,world,0.0995450214206,0.00287508931963,-0.00265773862704,2.63201536355e-06,-0.000158594045108,-7.74053216417e-05,0.999999984425
564597000000,332,564597000000,world,0.0995450214206,0.00287508931963,-0.00265773862704,2.63201536355e-06,-0.000158594045108,-7.74053216417e-05,0.999999984425
564629000000,333,564629000000,world,0.0917432537231,-0.00196929904816,0.0161279270022,0.00707036923081,-0.0115847636295,-0.000227622879617,0.999907871415
564663000000,334,564662000000,world,0.0917432537231,-0.00196929904816,0.0161279270022,0.00707036923081,-0.0115847636295,-0.000227622879617,0.999907871415
564696000000,335,564696000000,world,0.0917432537231,-0.00196929904816,0.0161279270022,0.00707036923081,-0.0115847636295,-0.000227622879617,0.999907871415
564729000000,336,564729000000,world,0.0823971110421,-0.00752589009107,0.0740647894121,0.0123038405213,-0.0203590689756,-0.000243454837331,0.999716992228
564762000000,337,564762000000,world,0.0823971110421,-0.00752589009107,0.0740647894121,0.0123038405213,-0.0203590689756,-0.000243454837331,0.999716992228
564796000000,338,564796000000,world,0.0823971110421,-0.00752589009107,0.0740647894121,0.0123038405213,-0.0203590689756,-0.000243454837331,0.999716992228
564830000000,339,564830000000,world,0.0751377047594,-0.0121322985834,0.16576562826,0.0111332952323,-0.0178059842122,-0.000260620938249,0.999779440047
564862000000,340,564862000000,world,0.0751377047594,-0.0121322985834,0.16576562826,0.0111332952323,-0.0178059842122,-0.000260620938249,0.999779440047
564897000000,341,564897000000,world,0.0751377047594,-0.0121322985834,0.16576562826,0.0111332952323,-0.0178059842122,-0.000260620938249,0.999779440047
564929000000,342,564929000000,world,0.0669472994991,-0.0174230231014,0.29147368867,0.0069468805255,-0.00959379012927,-0.000293915539623,0.999929804364
564962000000,343,564962000000,world,0.0669472994991,-0.0174230231014,0.29147368867,0.0069468805255,-0.00959379012927,-0.000293915539623,0.999929804364
564996000000,344,564996000000,world,0.0669472994991,-0.0174230231014,0.29147368867,0.0069468805255,-0.00959379012927,-0.000293915539623,0.999929804364
565029000000,345,565029000000,world,0.0566133683916,-0.0242365475658,0.452647352073,0.00293582055454,-0.00164628837511,-0.00025767945009,0.999994302131
565062000000,346,565062000000,world,0.0566133683916,-0.0242365475658,0.452647352073,0.00293582055454,-0.00164628837511,-0.00025767945009,0.999994302131
565096000000,347,565096000000,world,0.0566133683916,-0.0242365475658,0.452647352073,0.00293582055454,-0.00164628837511,-0.00025767945009,0.999994302131
565129000000,348,565129000000,world,0.0440593496913,-0.0324511632705,0.640416423992,0.00032461254478,0.00311481727947,-0.00020441224534,0.999995075366
565162000000,349,565162000000,world,0.0440593496913,-0.0324511632705,0.640416423992,0.00032461254478,0.00311481727947,-0.00020441224534,0.999995075366
565197000000,350,565196000000,world,0.0440593496913,-0.0324511632705,0.640416423992,0.00032461254478,0.00311481727947,-0.00020441224534,0.999995075366
565229000000,351,565229000000,world,0.0308898757999,-0.040736366433,0.808686162299,0.00216402590658,-0.00588948435132,0.00020398740375,-0.999980294483
565262000000,352,565262000000,world,0.0308898757999,-0.040736366433,0.808686162299,0.00216402590658,-0.00588948435132,0.00020398740375,-0.999980294483
565296000000,353,565296000000,world,0.0308898757999,-0.040736366433,0.808686162299,0.00216402590658,-0.00588948435132,0.00020398740375,-0.999980294483
565329000000,354,565329000000,world,0.0194046080863,-0.0483809277016,0.94694524759,0.00454174045172,-0.00913626253063,0.000173126633278,-0.999947934308
565362000000,355,565362000000,world,0.0194046080863,-0.0483809277016,0.94694524759,0.00454174045172,-0.00913626253063,0.000173126633278,-0.999947934308
565396000000,356,565396000000,world,0.0194046080863,-0.0483809277016,0.94694524759,0.00454174045172,-0.00913626253063,0.000173126633278,-0.999947934308
565429000000,357,565429000000,world,0.00744588070151,-0.0562120357458,1.06974730559,0.00541695930969,-0.00889291954834,0.000212512333964,-0.999945762215
565462000000,358,565462000000,world,0.00744588070151,-0.0562120357458,1.06974730559,0.00541695930969,-0.00889291954834,0.000212512333964,-0.999945762215
565496000000,359,565496000000,world,0.00744588070151,-0.0562120357458,1.06974730559,0.00541695930969,-0.00889291954834,0.000212512333964,-0.999945762215
565529000000,360,565529000000,world,-0.0032627166159,-0.0632305467925,1.17690045417,0.00596290273786,-0.00738339908834,0.000334637960781,-0.999954907596
565563000000,361,565563000000,world,-0.0032627166159,-0.0632305467925,1.17690045417,0.00596290273786,-0.00738339908834,0.000334637960781,-0.999954907596
565597000000,362,565596000000,world,-0.0032627166159,-0.0632305467925,1.17690045417,0.00596290273786,-0.00738339908834,0.000334637960781,-0.999954907596
565629000000,363,565629000000,world,-0.0127836679542,-0.0693704884187,1.27063356731,0.00667507332104,-0.00600820427185,0.000481345926551,-0.999959555774
565663000000,364,565662000000,world,-0.0127836679542,-0.0693704884187,1.27063356731,0.00667507332104,-0.00600820427185,0.000481345926551,-0.999959555774
565696000000,365,565696000000,world,-0.0127836679542,-0.0693704884187,1.27063356731,0.00667507332104,-0.00600820427185,0.000481345926551,-0.999959555774
565729000000,366,565729000000,world,-0.0212084523646,-0.0746737034703,1.35493869448,0.00716446078965,-0.00494890849949,0.000634925315163,-0.999961887112
565763000000,367,565762000000,world,-0.0212084523646,-0.0746737034703,1.35493869448,0.00716446078965,-0.00494890849949,0.000634925315163,-0.999961887112
565796000000,368,565796000000,world,-0.0212084523646,-0.0746737034703,1.35493869448,0.00716446078965,-0.00494890849949,0.000634925315163,-0.999961887112
565829000000,369,565829000000,world,-0.0282258063607,-0.0788209739329,1.43010060491,0.00706319054786,-0.00412334825637,0.000754972933694,-0.999966269108
565863000000,370,565862000000,world,-0.0282258063607,-0.0788209739329,1.43010060491,0.00706319054786,-0.00412334825637,0.000754972933694,-0.999966269108
565897000000,371,565897000000,world,-0.0282258063607,-0.0788209739329,1.43010060491,0.00706319054786,-0.00412334825637,0.000754972933694,-0.999966269108
565930000000,372,565929000000,world,-0.034202253887,-0.0817101075657,1.50064995591,0.00649817305323,-0.0032083721845,0.000842536732176,-0.999973384759
565962000000,373,565962000000,world,-0.034202253887,-0.0817101075657,1.50064995591,0.00649817305323,-0.0032083721845,0.000842536732176,-0.999973384759
565996000000,374,565996000000,world,-0.034202253887,-0.0817101075657,1.50064995591,0.00649817305323,-0.0032083721845,0.000842536732176,-0.999973384759
566029000000,375,566029000000,world,-0.0384776780584,-0.0825833381067,1.56716582487,0.00620479545963,-0.00244463343921,0.000878678325016,-0.999977375847
566062000000,376,566062000000,world,-0.0384776780584,-0.0825833381067,1.56716582487,0.00620479545963,-0.00244463343921,0.000878678325016,-0.999977375847
566096000000,377,566096000000,world,-0.0384776780584,-0.0825833381067,1.56716582487,0.00620479545963,-0.00244463343921,0.000878678325016,-0.999977375847
566129000000,378,566129000000,world,-0.0414252384005,-0.0820379258873,1.63074727847,0.00586582139719,-0.00177996779656,0.000849672950121,-0.999980850772
566163000000,379,566163000000,world,-0.0414252384005,-0.0820379258873,1.63074727847,0.00586582139719,-0.00177996779656,0.000849672950121,-0.999980850772
566196000000,380,566196000000,world,-0.0414252384005,-0.0820379258873,1.63074727847,0.00586582139719,-0.00177996779656,0.000849672950121,-0.999980850772
566229000000,381,566229000000,world,-0.0428931585,-0.0804044993473,1.69253809297,0.00526594135145,-0.00130869234693,0.000827940122478,-0.999984935737
566263000000,382,566262000000,world,-0.0428931585,-0.0804044993473,1.69253809297,0.00526594135145,-0.00130869234693,0.000827940122478,-0.999984935737
566297000000,383,566296000000,world,-0.0428931585,-0.0804044993473,1.69253809297,0.00526594135145,-0.00130869234693,0.000827940122478,-0.999984935737
566329000000,384,566329000000,world,-0.0424556919897,-0.0771391662542,1.75109980018,0.00452490876788,-0.000902376104709,0.000775224377728,-0.999989054913
566362000000,385,566362000000,world,-0.0424556919897,-0.0771391662542,1.75109980018,0.00452490876788,-0.000902376104709,0.000775224377728,-0.999989054913
566396000000,386,566396000000,world,-0.0424556919897,-0.0771391662542,1.75109980018,0.00452490876788,-0.000902376104709,0.000775224377728,-0.999989054913
566429000000,387,566429000000,world,-0.0417879723261,-0.0728827838345,1.80820754688,0.00398062320521,-0.000338350621355,0.000670837229807,-0.999991795034
566463000000,388,566463000000,world,-0.0417879723261,-0.0728827838345,1.80820754688,0.00398062320521,-0.000338350621355,0.000670837229807,-0.999991795034
566496000000,389,566496000000,world,-0.0417879723261,-0.0728827838345,1.80820754688,0.00398062320521,-0.000338350621355,0.000670837229807,-0.999991795034
566529000000,390,566529000000,world,-0.0414785028031,-0.0682704999418,1.86320221621,0.00334068167,0.000245902005428,0.000642730372451,-0.999994183121
566562000000,391,566562000000,world,-0.0414785028031,-0.0682704999418,1.86320221621,0.00334068167,0.000245902005428,0.000642730372451,-0.999994183121
566596000000,392,566596000000,world,-0.0414785028031,-0.0682704999418,1.86320221621,0.00334068167,0.000245902005428,0.000642730372451,-0.999994183121
566629000000,393,566629000000,world,-0.0424699400342,-0.0636696971962,1.91591401841,0.00250945949215,0.00119859701007,0.000648896632582,-0.999995922447
566662000000,394,566662000000,world,-0.0424699400342,-0.0636696971962,1.91591401841,0.00250945949215,0.00119859701007,0.000648896632582,-0.999995922447
566697000000,395,566696000000,world,-0.0424699400342,-0.0636696971962,1.91591401841,0.00250945949215,0.00119859701007,0.000648896632582,-0.999995922447
566729000000,396,566729000000,world,-0.0431473250128,-0.0600808045305,1.96049020876,0.00133465137541,-0.00168064408567,-0.000188207573814,0.999997679357
566762000000,397,566762000000,world,-0.0431473250128,-0.0600808045305,1.96049020876,0.00133465137541,-0.00168064408567,-0.000188207573814,0.999997679357
566796000000,398,566796000000,world,-0.0431473250128,-0.0600808045305,1.96049020876,0.00133465137541,-0.00168064408567,-0.000188207573814,0.999997679357
566829000000,399,566829000000,world,-0.0362518917897,-0.060019930961,1.96622173064,0.0132273238451,0.0125088648379,0.00368668420841,0.999827472399
566862000000,400,566862000000,world,-0.0362518917897,-0.060019930961,1.96622173064,0.0132273238451,0.0125088648379,0.00368668420841,0.999827472399
566896000000,401,566896000000,world,-0.0362518917897,-0.060019930961,1.96622173064,0.0132273238451,0.0125088648379,0.00368668420841,0.999827472399
566930000000,402,566929000000,world,-0.0206473616071,-0.0589825782245,1.96348181477,0.0175652018431,0.0374391967702,0.00477221150819,0.999133122375
566962000000,403,566962000000,world,-0.0206473616071,-0.0589825782245,1.96348181477,0.0175652018431,0.0374391967702,0.00477221150819,0.999133122375
566996000000,404,566996000000,world,-0.0206473616071,-0.0589825782245,1.96348181477,0.0175652018431,0.0374391967702,0.00477221150819,0.999133122375
567030000000,405,567029000000,world,-0.000411081111464,-0.0565526630949,1.96313942257,0.0120152469321,0.0599063180352,0.00364361876745,0.99812503773
567063000000,406,567062000000,world,-0.000411081111464,-0.0565526630949,1.96313942257,0.0120152469321,0.0599063180352,0.00364361876745,0.99812503773
567097000000,407,567097000000,world,-0.000411081111464,-0.0565526630949,1.96313942257,0.0120152469321,0.0599063180352,0.00364361876745,0.99812503773
567130000000,408,567130000000,world,0.0259581163808,-0.0522474921649,1.96247360162,1.49125296819e-05,-0.0763660187118,-0.00418666118589,-0.997071062077
567163000000,409,567162000000,world,0.0259581163808,-0.0522474921649,1.96247360162,1.49125296819e-05,-0.0763660187118,-0.00418666118589,-0.997071062077
567196000000,410,567196000000,world,0.0259581163808,-0.0522474921649,1.96247360162,1.49125296819e-05,-0.0763660187118,-0.00418666118589,-0.997071062077
567230000000,411,567230000000,world,0.0645458116673,-0.0388136545915,1.96156272783,0.0269584663177,-0.0904882345735,-0.00679369888758,-0.995509400334
567263000000,412,567262000000,world,0.0645458116673,-0.0388136545915,1.96156272783,0.0269584663177,-0.0904882345735,-0.00679369888758,-0.995509400334
567296000000,413,567296000000,world,0.0645458116673,-0.0388136545915,1.96156272783,0.0269584663177,-0.0904882345735,-0.00679369888758,-0.995509400334
567329000000,414,567329000000,world,0.118980310451,-0.0284644872023,1.95965755254,0.0403459834277,-0.10505269058,-0.00896257100423,-0.993607470858
567363000000,415,567363000000,world,0.118980310451,-0.0284644872023,1.95965755254,0.0403459834277,-0.10505269058,-0.00896257100423,-0.993607470858
567396000000,416,567396000000,world,0.118980310451,-0.0284644872023,1.95965755254,0.0403459834277,-0.10505269058,-0.00896257100423,-0.993607470858
567429000000,417,567429000000,world,0.191704499987,-0.0228754761491,1.95930407815,0.0336522901874,-0.120121444426,-0.00930682275497,-0.992145022164
567463000000,418,567463000000,world,0.191704499987,-0.0228754761491,1.95930407815,0.0336522901874,-0.120121444426,-0.00930682275497,-0.992145022164
567496000000,419,567496000000,world,0.191704499987,-0.0228754761491,1.95930407815,0.0336522901874,-0.120121444426,-0.00930682275497,-0.992145022164
567529000000,420,567529000000,world,0.283924295171,-0.0141124895183,1.96052504218,0.0227440279154,-0.130951873548,-0.00832162990268,-0.991092864713
567562000000,421,567562000000,world,0.283924295171,-0.0141124895183,1.96052504218,0.0227440279154,-0.130951873548,-0.00832162990268,-0.991092864713
567596000000,422,567596000000,world,0.283924295171,-0.0141124895183,1.96052504218,0.0227440279154,-0.130951873548,-0.00832162990268,-0.991092864713
567629000000,423,567629000000,world,0.400608430413,-0.00990515297345,1.9649692356,-0.00195167210295,-0.139477732776,-0.00448189193045,-0.990213141541
567662000000,424,567662000000,world,0.400608430413,-0.00990515297345,1.9649692356,-0.00195167210295,-0.139477732776,-0.00448189193045,-0.990213141541
567696000000,425,567696000000,world,0.400608430413,-0.00990515297345,1.9649692356,-0.00195167210295,-0.139477732776,-0.00448189193045,-0.990213141541
567729000000,426,567729000000,world,0.536173786918,-0.011540148506,1.97398035797,0.0330612100775,0.139833835413,-0.00139552338784,0.989621901221
567762000000,427,567762000000,world,0.536173786918,-0.011540148506,1.97398035797,0.0330612100775,0.139833835413,-0.00139552338784,0.989621901221
567796000000,428,567796000000,world,0.536173786918,-0.011540148506,1.97398035797,0.0330612100775,0.139833835413,-0.00139552338784,0.989621901221
567830000000,429,567830000000,world,0.693289829942,-0.00370267477701,1.9791941865,0.0369237860051,0.135858793206,-0.00474411054235,0.990028542897
567863000000,430,567862000000,world,0.693289829942,-0.00370267477701,1.9791941865,0.0369237860051,0.135858793206,-0.00474411054235,0.990028542897
567896000000,431,567896000000,world,0.693289829942,-0.00370267477701,1.9791941865,0.0369237860051,0.135858793206,-0.00474411054235,0.990028542897
567929000000,432,567929000000,world,0.872710677135,0.017556507637,1.97881832438,0.00806308076628,0.133768858899,-0.00293108381577,0.990975422432
567962000000,433,567962000000,world,0.872710677135,0.017556507637,1.97881832438,0.00806308076628,0.133768858899,-0.00293108381577,0.990975422432
567997000000,434,567996000000,world,0.872710677135,0.017556507637,1.97881832438,0.00806308076628,0.133768858899,-0.00293108381577,0.990975422432
568030000000,435,568029000000,world,1.07560618421,0.0446509110979,1.97641570791,0.0322068514232,-0.136365149639,-0.00272812548254,-0.990131214545
568062000000,436,568062000000,world,1.07560618421,0.0446509110979,1.97641570791,0.0322068514232,-0.136365149639,-0.00272812548254,-0.990131214545
568096000000,437,568096000000,world,1.07560618421,0.0446509110979,1.97641570791,0.0322068514232,-0.136365149639,-0.00272812548254,-0.990131214545
568129000000,438,568129000000,world,1.30173633361,0.071382086725,1.97457730489,0.0621025584626,-0.141289587383,-0.00666238491311,-0.987996020922
568162000000,439,568162000000,world,1.30173633361,0.071382086725,1.97457730489,0.0621025584626,-0.141289587383,-0.00666238491311,-0.987996020922
568196000000,440,568196000000,world,1.30173633361,0.071382086725,1.97457730489,0.0621025584626,-0.141289587383,-0.00666238491311,-0.987996020922
568229000000,441,568229000000,world,1.54723062896,0.0950671735647,1.97318259799,0.0645776082049,-0.142699116851,-0.0099831368875,-0.987606719067
568263000000,442,568262000000,world,1.54723062896,0.0950671735647,1.97318259799,0.0645776082049,-0.142699116851,-0.0099831368875,-0.987606719067
568297000000,443,568296000000,world,1.54723062896,0.0950671735647,1.97318259799,0.0645776082049,-0.142699116851,-0.0099831368875,-0.987606719067
568329000000,444,568329000000,world,1.81587465289,0.111905317129,1.9753088398,0.0322412325742,-0.145686397987,-0.0124499018813,-0.988726947295
568362000000,445,568362000000,world,1.81587465289,0.111905317129,1.9753088398,0.0322412325742,-0.145686397987,-0.0124499018813,-0.988726947295
568396000000,446,568396000000,world,1.81587465289,0.111905317129,1.9753088398,0.0322412325742,-0.145686397987,-0.0124499018813,-0.988726947295
568430000000,447,568430000000,world,2.10576609291,0.140851175681,1.97065001082,0.01382163618,-0.150523632978,-0.0131633573282,-0.98842213872
568462000000,448,568462000000,world,2.10576609291,0.140851175681,1.97065001082,0.01382163618,-0.150523632978,-0.0131633573282,-0.98842213872
568496000000,449,568496000000,world,2.10576609291,0.140851175681,1.97065001082,0.01382163618,-0.150523632978,-0.0131633573282,-0.98842213872
568530000000,450,568529000000,world,2.41678881451,0.191846758587,1.95557410315,0.0319889240621,-0.158896152193,-0.0156846283339,-0.986652276129
568562000000,451,568562000000,world,2.41678881451,0.191846758587,1.95557410315,0.0319889240621,-0.158896152193,-0.0156846283339,-0.986652276129
568596000000,452,568596000000,world,2.41678881451,0.191846758587,1.95557410315,0.0319889240621,-0.158896152193,-0.0156846283339,-0.986652276129
568629000000,453,568629000000,world,2.74654406763,0.250981376771,1.94371604296,0.055807072976,-0.159864163074,-0.0199307052854,-0.985358709789
568663000000,454,568663000000,world,2.74654406763,0.250981376771,1.94371604296,0.055807072976,-0.159864163074,-0.0199307052854,-0.985358709789
568697000000,455,568696000000,world,2.74654406763,0.250981376771,1.94371604296,0.055807072976,-0.159864163074,-0.0199307052854,-0.985358709789
568729000000,456,568729000000,world,3.09633855294,0.316466865254,1.93547242349,0.0729072152595,-0.156366579554,-0.024584329654,-0.984697741186
568762000000,457,568762000000,world,3.09633855294,0.316466865254,1.93547242349,0.0729072152595,-0.156366579554,-0.024584329654,-0.984697741186
568796000000,458,568796000000,world,3.09633855294,0.316466865254,1.93547242349,0.0729072152595,-0.156366579554,-0.024584329654,-0.984697741186
568829000000,459,568829000000,world,3.46930435244,0.39281919872,1.92035092098,0.0851817954235,-0.1605937992,-0.0285200455974,-0.982924361478
568863000000,460,568862000000,world,3.46930435244,0.39281919872,1.92035092098,0.0851817954235,-0.1605937992,-0.0285200455974,-0.982924361478
568896000000,461,568896000000,world,3.46930435244,0.39281919872,1.92035092098,0.0851817954235,-0.1605937992,-0.0285200455974,-0.982924361478
568929000000,462,568929000000,world,3.87171287023,0.464584456342,1.90827004161,0.0620489449602,-0.170181438664,-0.0266048986164,-0.983097342959
568962000000,463,568962000000,world,3.87171287023,0.464584456342,1.90827004161,0.0620489449602,-0.170181438664,-0.0266048986164,-0.983097342959
568996000000,464,568996000000,world,3.87171287023,0.464584456342,1.90827004161,0.0620489449602,-0.170181438664,-0.0266048986164,-0.983097342959
569030000000,465,569029000000,world,4.29395027532,0.530770423498,1.90300763395,0.0141524888663,-0.17759019491,-0.018135173146,-0.983835629171
569062000000,466,569062000000,world,4.29395027532,0.530770423498,1.90300763395,0.0141524888663,-0.17759019491,-0.018135173146,-0.983835629171
569096000000,467,569096000000,world,4.29395027532,0.530770423498,1.90300763395,0.0141524888663,-0.17759019491,-0.018135173146,-0.983835629171
569129000000,468,569129000000,world,4.7322483336,0.599929856603,1.89288144927,0.0262002306498,0.182384780969,0.0071739355367,0.982851908598
569162000000,469,569162000000,world,4.7322483336,0.599929856603,1.89288144927,0.0262002306498,0.182384780969,0.0071739355367,0.982851908598
569197000000,470,569197000000,world,4.7322483336,0.599929856603,1.89288144927,0.0262002306498,0.182384780969,0.0071739355367,0.982851908598
569229000000,471,569229000000,world,5.19390827332,0.683012700472,1.87495488222,0.0305404132577,0.183829280083,0.000283418747195,0.982483586945
569262000000,472,569262000000,world,5.19390827332,0.683012700472,1.87495488222,0.0305404132577,0.183829280083,0.000283418747195,0.982483586945
569297000000,473,569296000000,world,5.19390827332,0.683012700472,1.87495488222,0.0305404132577,0.183829280083,0.000283418747195,0.982483586945
569329000000,474,569329000000,world,5.67786977116,0.778644825081,1.85329582897,0.00217669686917,0.186584553772,0.00111730884664,0.982435859436
569362000000,475,569362000000,world,5.67786977116,0.778644825081,1.85329582897,0.00217669686917,0.186584553772,0.00111730884664,0.982435859436
569397000000,476,569396000000,world,5.67786977116,0.778644825081,1.85329582897,0.00217669686917,0.186584553772,0.00111730884664,0.982435859436
569429000000,477,569429000000,world,6.19048116122,0.860659487466,1.83463358425,0.00522147253214,-0.188412926217,-0.00228447275956,-0.982073361131
569463000000,478,569462000000,world,6.19048116122,0.860659487466,1.83463358425,0.00522147253214,-0.188412926217,-0.00228447275956,-0.982073361131
569497000000,479,569496000000,world,6.19048116122,0.860659487466,1.83463358425,0.00522147253214,-0.188412926217,-0.00228447275956,-0.982073361131
569529000000,480,569529000000,world,6.71547814769,0.924676761886,1.81824876611,0.0126636855063,0.188972998248,0.00011802420657,0.981900617717
569563000000,481,569562000000,world,6.71547814769,0.924676761886,1.81824876611,0.0126636855063,0.188972998248,0.00011802420657,0.981900617717
569596000000,482,569596000000,world,6.71547814769,0.924676761886,1.81824876611,0.0126636855063,0.188972998248,0.00011802420657,0.981900617717
569629000000,483,569629000000,world,7.268903633,0.980401261392,1.79911429646,0.0363311755394,0.192168987279,-0.00499885381079,0.980676367347
569662000000,484,569662000000,world,7.268903633,0.980401261392,1.79911429646,0.0363311755394,0.192168987279,-0.00499885381079,0.980676367347
569697000000,485,569696000000,world,7.268903633,0.980401261392,1.79911429646,0.0363311755394,0.192168987279,-0.00499885381079,0.980676367347
569729000000,486,569729000000,world,7.84653749616,1.04862017596,1.77250574543,0.0223475724582,0.201899601055,-0.00526879557856,0.979137057256
569763000000,487,569763000000,world,7.84653749616,1.04862017596,1.77250574543,0.0223475724582,0.201899601055,-0.00526879557856,0.979137057256
569796000000,488,569796000000,world,7.84653749616,1.04862017596,1.77250574543,0.0223475724582,0.201899601055,-0.00526879557856,0.979137057256
569829000000,489,569829000000,world,8.4473830897,1.12329202064,1.74510350796,0.0128275943831,-0.210390142222,-0.000318272840527,-0.977533293336
569862000000,490,569862000000,world,8.4473830897,1.12329202064,1.74510350796,0.0128275943831,-0.210390142222,-0.000318272840527,-0.977533293336
569897000000,491,569896000000,world,8.4473830897,1.12329202064,1.74510350796,0.0128275943831,-0.210390142222,-0.000318272840527,-0.977533293336
569929000000,492,569929000000,world,9.06246162306,1.17674567268,1.73584069843,0.0102405855531,-0.191718320716,-0.000843342957339,-0.981396201685
569962000000,493,569962000000,world,9.06246162306,1.17674567268,1.73584069843,0.0102405855531,-0.191718320716,-0.000843342957339,-0.981396201685
569997000000,494,569997000000,world,9.06246162306,1.17674567268,1.73584069843,0.0102405855531,-0.191718320716,-0.000843342957339,-0.981396201685
570029000000,495,570029000000,world,9.68614790419,1.21607375854,1.73500623737,0.0151906728395,0.152000612246,-7.63877072772e-05,0.988263654851
570062000000,496,570062000000,world,9.68614790419,1.21607375854,1.73500623737,0.0151906728395,0.152000612246,-7.63877072772e-05,0.988263654851
570096000000,497,570096000000,world,9.68614790419,1.21607375854,1.73500623737,0.0151906728395,0.152000612246,-7.63877072772e-05,0.988263654851
570130000000,498,570129000000,world,10.3301308557,1.25655201364,1.71547117357,0.0315653501564,0.139230802686,0.00241779824829,0.989753790851
570162000000,499,570162000000,world,10.3301308557,1.25655201364,1.71547117357,0.0315653501564,0.139230802686,0.00241779824829,0.989753790851
570196000000,500,570196000000,world,10.3301308557,1.25655201364,1.71547117357,0.0315653501564,0.139230802686,0.00241779824829,0.989753790851
570229000000,501,570229000000,world,10.9846005341,1.30072672784,1.68916129993,0.0268658179062,0.13569962414,0.00486470469166,0.990373754945
570263000000,502,570262000000,world,10.9846005341,1.30072672784,1.68916129993,0.0268658179062,0.13569962414,0.00486470469166,0.990373754945
570296000000,503,570296000000,world,10.9846005341,1.30072672784,1.68916129993,0.0268658179062,0.13569962414,0.00486470469166,0.990373754945
570329000000,504,570329000000,world,11.645397343,1.34081568105,1.66899588075,0.0165193001533,0.131882324618,0.00677349892802,0.991104578179
570362000000,505,570362000000,world,11.645397343,1.34081568105,1.66899588075,0.0165193001533,0.131882324618,0.00677349892802,0.991104578179
570396000000,506,570396000000,world,11.645397343,1.34081568105,1.66899588075,0.0165193001533,0.131882324618,0.00677349892802,0.991104578179
570429000000,507,570429000000,world,12.3158403794,1.37735040999,1.65140646844,-0.00649265148937,-0.125747511722,-0.00889600418977,-0.992001144093
570462000000,508,570462000000,world,12.3158403794,1.37735040999,1.65140646844,-0.00649265148937,-0.125747511722,-0.00889600418977,-0.992001144093
570496000000,509,570496000000,world,12.3158403794,1.37735040999,1.65140646844,-0.00649265148937,-0.125747511722,-0.00889600418977,-0.992001144093
570529000000,510,570529000000,world,12.9769779186,1.40830175637,1.63183167358,0.00113789387684,-0.122409623948,-0.0109874027865,-0.992418191159
570562000000,511,570562000000,world,12.9769779186,1.40830175637,1.63183167358,0.00113789387684,-0.122409623948,-0.0109874027865,-0.992418191159
570597000000,512,570596000000,world,12.9769779186,1.40830175637,1.63183167358,0.00113789387684,-0.122409623948,-0.0109874027865,-0.992418191159
570629000000,513,570629000000,world,13.6478442793,1.43602888401,1.60984429296,0.00576331451237,-0.12229103174,-0.0126880113777,-0.992396444033
570662000000,514,570662000000,world,13.6478442793,1.43602888401,1.60984429296,0.00576331451237,-0.12229103174,-0.0126880113777,-0.992396444033
570697000000,515,570697000000,world,13.6478442793,1.43602888401,1.60984429296,0.00576331451237,-0.12229103174,-0.0126880113777,-0.992396444033
570729000000,516,570729000000,world,14.3219271557,1.46228109297,1.58680514934,0.00865685972881,-0.125244897588,-0.0139659137593,-0.991989782034
570762000000,517,570762000000,world,14.3219271557,1.46228109297,1.58680514934,0.00865685972881,-0.125244897588,-0.0139659137593,-0.991989782034
570797000000,518,570796000000,world,14.3219271557,1.46228109297,1.58680514934,0.00865685972881,-0.125244897588,-0.0139659137593,-0.991989782034
570829000000,519,570829000000,world,14.9979838242,1.49020839428,1.56334808123,0.0104312823192,-0.128430925809,-0.014807815907,-0.991553031478
570862000000,520,570862000000,world,14.9979838242,1.49020839428,1.56334808123,0.0104312823192,-0.128430925809,-0.014807815907,-0.991553031478
570897000000,521,570897000000,world,14.9979838242,1.49020839428,1.56334808123,0.0104312823192,-0.128430925809,-0.014807815907,-0.991553031478
570929000000,522,570929000000,world,15.6843218688,1.52080395125,1.53925423685,0.0124806929308,-0.132196169197,-0.0153864615851,-0.991025560696
570962000000,523,570962000000,world,15.6843218688,1.52080395125,1.53925423685,0.0124806929308,-0.132196169197,-0.0153864615851,-0.991025560696
570996000000,524,570996000000,world,15.6843218688,1.52080395125,1.53925423685,0.0124806929308,-0.132196169197,-0.0153864615851,-0.991025560696
571029000000,525,571029000000,world,16.3590185321,1.55048252967,1.51629809478,0.0136985696672,-0.13350048597,-0.0157044303634,-0.990829622237
571063000000,526,571062000000,world,16.3590185321,1.55048252967,1.51629809478,0.0136985696672,-0.13350048597,-0.0157044303634,-0.990829622237
571097000000,527,571096000000,world,16.3590185321,1.55048252967,1.51629809478,0.0136985696672,-0.13350048597,-0.0157044303634,-0.990829622237
571129000000,528,571129000000,world,17.0428254187,1.58038305722,1.49495706702,0.013728705604,-0.131066052855,-0.0158476599063,-0.991151887506
571163000000,529,571163000000,world,17.0428254187,1.58038305722,1.49495706702,0.013728705604,-0.131066052855,-0.0158476599063,-0.991151887506
571197000000,530,571196000000,world,17.0428254187,1.58038305722,1.49495706702,0.013728705604,-0.131066052855,-0.0158476599063,-0.991151887506
571229000000,531,571229000000,world,17.7302324491,1.61267645607,1.47199910742,0.0149298474287,-0.130024220778,-0.0159380739544,-0.991270285778
571262000000,532,571262000000,world,17.7302324491,1.61267645607,1.47199910742,0.0149298474287,-0.130024220778,-0.0159380739544,-0.991270285778
571296000000,533,571296000000,world,17.7302324491,1.61267645607,1.47199910742,0.0149298474287,-0.130024220778,-0.0159380739544,-0.991270285778
571329000000,534,571329000000,world,18.4200596129,1.64703136832,1.44922178238,0.0160803247602,-0.128451962527,-0.0159997661208,-0.991456264271
571362000000,535,571362000000,world,18.4200596129,1.64703136832,1.44922178238,0.0160803247602,-0.128451962527,-0.0159997661208,-0.991456264271
571396000000,536,571396000000,world,18.4200596129,1.64703136832,1.44922178238,0.0160803247602,-0.128451962527,-0.0159997661208,-0.991456264271
571429000000,537,571429000000,world,19.1196449078,1.6838912339,1.42813378435,0.0166540550229,-0.126404829024,-0.0160504232494,-0.99170905288
571463000000,538,571463000000,world,19.1196449078,1.6838912339,1.42813378435,0.0166540550229,-0.126404829024,-0.0160504232494,-0.99170905288
571496000000,539,571496000000,world,19.1196449078,1.6838912339,1.42813378435,0.0166540550229,-0.126404829024,-0.0160504232494,-0.99170905288
571530000000,540,571529000000,world,19.8084056821,1.71705675174,1.40958126504,0.00807364915885,-0.12515123073,-0.0155565988638,-0.9919828516
571562000000,541,571562000000,world,19.8084056821,1.71705675174,1.40958126504,0.00807364915885,-0.12515123073,-0.0155565988638,-0.9919828516
571596000000,542,571596000000,world,19.8084056821,1.71705675174,1.40958126504,0.00807364915885,-0.12515123073,-0.0155565988638,-0.9919828516
571629000000,543,571629000000,world,20.5075959412,1.7439075218,1.39380695407,0.0139620510437,0.124685463046,0.0132275507828,0.992009893265
571663000000,544,571662000000,world,20.5075959412,1.7439075218,1.39380695407,0.0139620510437,0.124685463046,0.0132275507828,0.992009893265
571697000000,545,571697000000,world,20.5075959412,1.7439075218,1.39380695407,0.0139620510437,0.124685463046,0.0132275507828,0.992009893265
571729000000,546,571729000000,world,21.2055014829,1.7749499324,1.3792690821,0.022639291951,0.11927515666,0.0104158422876,0.992548441988
571762000000,547,571762000000,world,21.2055014829,1.7749499324,1.3792690821,0.022639291951,0.11927515666,0.0104158422876,0.992548441988
571796000000,548,571796000000,world,21.2055014829,1.7749499324,1.3792690821,0.022639291951,0.11927515666,0.0104158422876,0.992548441988
571829000000,549,571829000000,world,21.9037957454,1.81218163698,1.36247933311,-0.00890338549055,-0.115137750278,-0.00967960530817,-0.993262469556
571862000000,550,571862000000,world,21.9037957454,1.81218163698,1.36247933311,-0.00890338549055,-0.115137750278,-0.00967960530817,-0.993262469556
571896000000,551,571896000000,world,21.9037957454,1.81218163698,1.36247933311,-0.00890338549055,-0.115137750278,-0.00967960530817,-0.993262469556
571930000000,552,571929000000,world,22.6089103341,1.85939480422,1.34334260029,0.0236221043813,-0.112858212213,-0.011789133816,-0.993260306488
571962000000,553,571962000000,world,22.6089103341,1.85939480422,1.34334260029,0.0236221043813,-0.112858212213,-0.011789133816,-0.993260306488
571996000000,554,571996000000,world,22.6089103341,1.85939480422,1.34334260029,0.0236221043813,-0.112858212213,-0.011789133816,-0.993260306488
572029000000,555,572029000000,world,23.2999767617,1.90682012906,1.32614745214,0.0489540038355,-0.112550274874,-0.0155023086319,-0.992318305566
572062000000,556,572062000000,world,23.2999767617,1.90682012906,1.32614745214,0.0489540038355,-0.112550274874,-0.0155023086319,-0.992318305566
572096000000,557,572096000000,world,23.2999767617,1.90682012906,1.32614745214,0.0489540038355,-0.112550274874,-0.0155023086319,-0.992318305566
572129000000,558,572129000000,world,24.0000899287,1.94011175865,1.31163405289,0.0350129575107,-0.116489439149,-0.017227721804,-0.992425064665
572162000000,559,572162000000,world,24.0000899287,1.94011175865,1.31163405289,0.0350129575107,-0.116489439149,-0.017227721804,-0.992425064665
572196000000,560,572196000000,world,24.0000899287,1.94011175865,1.31163405289,0.0350129575107,-0.116489439149,-0.017227721804,-0.992425064665
572229000000,561,572229000000,world,24.7010836554,1.96508104348,1.30113751869,-0.000647700311172,-0.120227763783,-0.0150562712109,-0.992631942866
572263000000,562,572262000000,world,24.7010836554,1.96508104348,1.30113751869,-0.000647700311172,-0.120227763783,-0.0150562712109,-0.992631942866
572296000000,563,572296000000,world,24.7010836554,1.96508104348,1.30113751869,-0.000647700311172,-0.120227763783,-0.0150562712109,-0.992631942866
572329000000,564,572329000000,world,25.4012742898,1.98918017393,1.29351288352,0.0327948671175,0.120070374239,0.0101163452051,0.992171991885
572362000000,565,572362000000,world,25.4012742898,1.98918017393,1.29351288352,0.0327948671175,0.120070374239,0.0101163452051,0.992171991885
572396000000,566,572396000000,world,25.4012742898,1.98918017393,1.29351288352,0.0327948671175,0.120070374239,0.0101163452051,0.992171991885
572430000000,567,572430000000,world,26.1023878348,2.00801448508,1.28340306833,0.0601877366776,0.120822740334,0.00462629469968,0.990836969016
572462000000,568,572462000000,world,26.1023878348,2.00801448508,1.28340306833,0.0601877366776,0.120822740334,0.00462629469968,0.990836969016
572496000000,569,572496000000,world,26.1023878348,2.00801448508,1.28340306833,0.0601877366776,0.120822740334,0.00462629469968,0.990836969016
572529000000,570,572529000000,world,26.8095443236,2.01686844177,1.27247301355,0.0809941842555,0.119105845827,-0.000552297152568,0.989572349338
572563000000,571,572562000000,world,26.8095443236,2.01686844177,1.27247301355,0.0809941842555,0.119105845827,-0.000552297152568,0.989572349338
572596000000,572,572596000000,world,26.8095443236,2.01686844177,1.27247301355,0.0809941842555,0.119105845827,-0.000552297152568,0.989572349338
572629000000,573,572629000000,world,27.5093190123,2.01499710297,1.26128427039,0.090925694339,0.116579725078,-0.00436555055744,0.989000822941
572663000000,574,572663000000,world,27.5093190123,2.01499710297,1.26128427039,0.090925694339,0.116579725078,-0.00436555055744,0.989000822941
572697000000,575,572696000000,world,27.5093190123,2.01499710297,1.26128427039,0.090925694339,0.116579725078,-0.00436555055744,0.989000822941
572730000000,576,572729000000,world,28.2043112355,2.00506825504,1.24819818759,0.0846694889548,0.119028753069,-0.00566514755835,0.989257873199
572762000000,577,572762000000,world,28.2043112355,2.00506825504,1.24819818759,0.0846694889548,0.119028753069,-0.00566514755835,0.989257873199
572796000000,578,572796000000,world,28.2043112355,2.00506825504,1.24819818759,0.0846694889548,0.119028753069,-0.00566514755835,0.989257873199
572830000000,579,572830000000,world,28.9078977789,2.00191145662,1.2348520671,0.0396985486074,0.124502607919,-0.00239671087299,0.991421898909
572862000000,580,572862000000,world,28.9078977789,2.00191145662,1.2348520671,0.0396985486074,0.124502607919,-0.00239671087299,0.991421898909
572896000000,581,572896000000,world,28.9078977789,2.00191145662,1.2348520671,0.0396985486074,0.124502607919,-0.00239671087299,0.991421898909
572929000000,582,572929000000,world,29.6081312487,1.99440949705,1.22480219704,0.00895487498766,-0.121847072821,-0.00440932084047,-0.992498694684
572962000000,583,572962000000,world,29.6081312487,1.99440949705,1.22480219704,0.00895487498766,-0.121847072821,-0.00440932084047,-0.992498694684
572997000000,584,572996000000,world,29.6081312487,1.99440949705,1.22480219704,0.00895487498766,-0.121847072821,-0.00440932084047,-0.992498694684
573029000000,585,573029000000,world,30.3077834348,1.96422245072,1.21372077898,0.0120173927561,-0.115747296203,-0.0100875693507,-0.993154764696
573062000000,586,573062000000,world,30.3077834348,1.96422245072,1.21372077898,0.0120173927561,-0.115747296203,-0.0100875693507,-0.993154764696
573096000000,587,573096000000,world,30.3077834348,1.96422245072,1.21372077898,0.0120173927561,-0.115747296203,-0.0100875693507,-0.993154764696
573129000000,588,573129000000,world,31.0105657197,1.91632088236,1.20204721242,0.0168653385607,0.114490743636,0.0110755962073,0.993219392252
573162000000,589,573162000000,world,31.0105657197,1.91632088236,1.20204721242,0.0168653385607,0.114490743636,0.0110755962073,0.993219392252
573196000000,590,573196000000,world,31.0105657197,1.91632088236,1.20204721242,0.0168653385607,0.114490743636,0.0110755962073,0.993219392252
573230000000,591,573230000000,world,31.7142803844,1.86517941194,1.19435336425,0.0431171923885,0.114034964711,0.00841906507549,0.992504938974
573262000000,592,573262000000,world,31.7142803844,1.86517941194,1.19435336425,0.0431171923885,0.114034964711,0.00841906507549,0.992504938974
573296000000,593,573296000000,world,31.7142803844,1.86517941194,1.19435336425,0.0431171923885,0.114034964711,0.00841906507549,0.992504938974
573330000000,594,573330000000,world,32.4175009197,1.83231007965,1.18206363123,0.0242762470441,0.11611739097,0.00724464618196,0.992912347816
573362000000,595,573362000000,world,32.4175009197,1.83231007965,1.18206363123,0.0242762470441,0.11611739097,0.00724464618196,0.992912347816
573396000000,596,573396000000,world,32.4175009197,1.83231007965,1.18206363123,0.0242762470441,0.11611739097,0.00724464618196,0.992912347816
573429000000,597,573429000000,world,33.1202054539,1.80752046189,1.16728132974,0.0154057965675,-0.120308983951,-0.0100430847531,-0.992566142008
573463000000,598,573463000000,world,33.1202054539,1.80752046189,1.16728132974,0.0154057965675,-0.120308983951,-0.0100430847531,-0.992566142008
573496000000,599,573496000000,world,33.1202054539,1.80752046189,1.16728132974,0.0154057965675,-0.120308983951,-0.0100430847531,-0.992566142008
573530000000,600,573530000000,world,33.8209564814,1.78142541916,1.15744961868,0.0459267102825,-0.120563429213,-0.0150795882467,-0.991528014147
573562000000,601,573562000000,world,33.8209564814,1.78142541916,1.15744961868,0.0459267102825,-0.120563429213,-0.0150795882467,-0.991528014147
573596000000,602,573596000000,world,33.8209564814,1.78142541916,1.15744961868,0.0459267102825,-0.120563429213,-0.0150795882467,-0.991528014147
573629000000,603,573629000000,world,34.5231615609,1.75918442644,1.14671494994,0.0662300566978,-0.123235158186,-0.0199602674955,-0.989963768578
573662000000,604,573662000000,world,34.5231615609,1.75918442644,1.14671494994,0.0662300566978,-0.123235158186,-0.0199602674955,-0.989963768578
573696000000,605,573696000000,world,34.5231615609,1.75918442644,1.14671494994,0.0662300566978,-0.123235158186,-0.0199602674955,-0.989963768578
573729000000,606,573729000000,world,35.2266078899,1.73097417018,1.14148779025,0.0504075503561,-0.123024121321,-0.0222497250879,-0.990872895065
573762000000,607,573762000000,world,35.2266078899,1.73097417018,1.14148779025,0.0504075503561,-0.123024121321,-0.0222497250879,-0.990872895065
573796000000,608,573796000000,world,35.2266078899,1.73097417018,1.14148779025,0.0504075503561,-0.123024121321,-0.0222497250879,-0.990872895065
573829000000,609,573829000000,world,35.9316268305,1.69742397773,1.14160261556,0.0102392171866,-0.120460206602,-0.0197030804146,-0.992469790814
573863000000,610,573862000000,world,35.9316268305,1.69742397773,1.14160261556,0.0102392171866,-0.120460206602,-0.0197030804146,-0.992469790814
573896000000,611,573896000000,world,35.9316268305,1.69742397773,1.14160261556,0.0102392171866,-0.120460206602,-0.0197030804146,-0.992469790814
573929000000,612,573929000000,world,36.6372022595,1.66823337359,1.14112393641,0.0240762578967,0.116801962688,0.0143222642718,0.992760045562
573963000000,613,573962000000,world,36.6372022595,1.66823337359,1.14112393641,0.0240762578967,0.116801962688,0.0143222642718,0.992760045562
573998000000,614,573996000000,world,36.6372022595,1.66823337359,1.14112393641,0.0240762578967,0.116801962688,0.0143222642718,0.992760045562
574029000000,615,574029000000,world,37.3430799344,1.65393333747,1.13630495375,0.0272269653676,0.114593370388,0.00984915073675,0.992990456173
574062000000,616,574062000000,world,37.3430799344,1.65393333747,1.13630495375,0.0272269653676,0.114593370388,0.00984915073675,0.992990456173
574096000000,617,574096000000,world,37.3430799344,1.65393333747,1.13630495375,0.0272269653676,0.114593370388,0.00984915073675,0.992990456173
574130000000,618,574129000000,world,38.049678236,1.6425142932,1.12845558801,0.0173497430737,0.116254286171,0.00797749328521,0.993035894096
574162000000,619,574162000000,world,38.049678236,1.6425142932,1.12845558801,0.0173497430737,0.116254286171,0.00797749328521,0.993035894096
574196000000,620,574196000000,world,38.049678236,1.6425142932,1.12845558801,0.0173497430737,0.116254286171,0.00797749328521,0.993035894096
574229000000,621,574229000000,world,38.7543726133,1.6263245959,1.12160630986,0.00848057095421,0.116307193421,0.00803722544293,0.993144561321
574263000000,622,574262000000,world,38.7543726133,1.6263245959,1.12160630986,0.00848057095421,0.116307193421,0.00803722544293,0.993144561321
574297000000,623,574296000000,world,38.7543726133,1.6263245959,1.12160630986,0.00848057095421,0.116307193421,0.00803722544293,0.993144561321
574329000000,624,574329000000,world,39.4654019691,1.60691185507,1.11587276349,-0.00328634975261,-0.115376390919,-0.00879128931573,-0.993277504807
574362000000,625,574362000000,world,39.4654019691,1.60691185507,1.11587276349,-0.00328634975261,-0.115376390919,-0.00879128931573,-0.993277504807
574397000000,626,574396000000,world,39.4654019691,1.60691185507,1.11587276349,-0.00328634975261,-0.115376390919,-0.00879128931573,-0.993277504807
574430000000,627,574429000000,world,40.1629683773,1.59104108114,1.1091732258,0.00649600271992,-0.116439574519,-0.00998035823413,-0.993126386662
574462000000,628,574462000000,world,40.1629683773,1.59104108114,1.1091732258,0.00649600271992,-0.116439574519,-0.00998035823413,-0.993126386662
574496000000,629,574496000000,world,40.1629683773,1.59104108114,1.1091732258,0.00649600271992,-0.116439574519,-0.00998035823413,-0.993126386662
574529000000,630,574529000000,world,40.8737021999,1.58036460711,1.10087375864,0.0254588442683,-0.117485128342,-0.0122097364528,-0.992673165852
574562000000,631,574562000000,world,40.8737021999,1.58036460711,1.10087375864,0.0254588442683,-0.117485128342,-0.0122097364528,-0.992673165852
574596000000,632,574596000000,world,40.8737021999,1.58036460711,1.10087375864,0.0254588442683,-0.117485128342,-0.0122097364528,-0.992673165852
574629000000,633,574629000000,world,41.5685546171,1.57382634776,1.09466322259,0.0428137672302,-0.115727470657,-0.0148845926044,-0.99224623092
574662000000,634,574662000000,world,41.5685546171,1.57382634776,1.09466322259,0.0428137672302,-0.115727470657,-0.0148845926044,-0.99224623092
574696000000,635,574696000000,world,41.5685546171,1.57382634776,1.09466322259,0.0428137672302,-0.115727470657,-0.0148845926044,-0.99224623092
574729000000,636,574729000000,world,42.2793302409,1.56088479261,1.09015308673,0.0340916310469,-0.116604857989,-0.0161518605069,-0.992461679456
574762000000,637,574762000000,world,42.2793302409,1.56088479261,1.09015308673,0.0340916310469,-0.116604857989,-0.0161518605069,-0.992461679456
574796000000,638,574796000000,world,42.2793302409,1.56088479261,1.09015308673,0.0340916310469,-0.116604857989,-0.0161518605069,-0.992461679456
574829000000,639,574829000000,world,42.9748523298,1.54804408589,1.08728010494,0.0161024985527,-0.114758346221,-0.0154337169708,-0.993143006769
574863000000,640,574862000000,world,42.9748523298,1.54804408589,1.08728010494,0.0161024985527,-0.114758346221,-0.0154337169708,-0.993143006769
574896000000,641,574896000000,world,42.9748523298,1.54804408589,1.08728010494,0.0161024985527,-0.114758346221,-0.0154337169708,-0.993143006769
574929000000,642,574929000000,world,43.684142635,1.54464042268,1.0821918282,0.0123617525309,-0.114176618499,-0.0139857276075,-0.99328509819
574962000000,643,574962000000,world,43.684142635,1.54464042268,1.0821918282,0.0123617525309,-0.114176618499,-0.0139857276075,-0.99328509819
574997000000,644,574997000000,world,43.684142635,1.54464042268,1.0821918282,0.0123617525309,-0.114176618499,-0.0139857276075,-0.99328509819
575029000000,645,575029000000,world,44.3810587452,1.5488507882,1.07344563587,0.018335820138,-0.118908349376,-0.0133046185028,-0.992646759565
575062000000,646,575062000000,world,44.3810587452,1.5488507882,1.07344563587,0.018335820138,-0.118908349376,-0.0133046185028,-0.992646759565
575096000000,647,575096000000,world,44.3810587452,1.5488507882,1.07344563587,0.018335820138,-0.118908349376,-0.0133046185028,-0.992646759565
575129000000,648,575129000000,world,45.0845739501,1.55190160343,1.06657617264,0.0169921062689,-0.121992666323,-0.0130949873222,-0.992299137859
575162000000,649,575162000000,world,45.0845739501,1.55190160343,1.06657617264,0.0169921062689,-0.121992666323,-0.0130949873222,-0.992299137859
575196000000,650,575196000000,world,45.0845739501,1.55190160343,1.06657617264,0.0169921062689,-0.121992666323,-0.0130949873222,-0.992299137859
575229000000,651,575229000000,world,45.795121513,1.55341815943,1.06194434635,0.00899150966866,-0.122489228807,-0.0122851967549,-0.992353069991
575262000000,652,575262000000,world,45.795121513,1.55341815943,1.06194434635,0.00899150966866,-0.122489228807,-0.0122851967549,-0.992353069991
575296000000,653,575296000000,world,45.795121513,1.55341815943,1.06194434635,0.00899150966866,-0.122489228807,-0.0122851967549,-0.992353069991
575329000000,654,575329000000,world,46.4910198604,1.55721821224,1.05770579393,0.00456892334277,-0.119851149167,-0.0111097676152,-0.992719194962
575362000000,655,575362000000,world,46.4910198604,1.55721821224,1.05770579393,0.00456892334277,-0.119851149167,-0.0111097676152,-0.992719194962
575396000000,656,575396000000,world,46.4910198604,1.55721821224,1.05770579393,0.00456892334277,-0.119851149167,-0.0111097676152,-0.992719194962
575430000000,657,575429000000,world,47.1955224466,1.56432305447,1.05065000518,0.00608501443281,-0.119763288188,-0.0103653581353,-0.992729714853
575462000000,658,575462000000,world,47.1955224466,1.56432305447,1.05065000518,0.00608501443281,-0.119763288188,-0.0103653581353,-0.992729714853
575496000000,659,575496000000,world,47.1955224466,1.56432305447,1.05065000518,0.00608501443281,-0.119763288188,-0.0103653581353,-0.992729714853
575530000000,660,575529000000,world,47.8989169218,1.57164645763,1.04425769533,0.00766738244166,-0.116894661509,-0.0101697464036,-0.993062649391
575562000000,661,575562000000,world,47.8989169218,1.57164645763,1.04425769533,0.00766738244166,-0.116894661509,-0.0101697464036,-0.993062649391
575597000000,662,575596000000,world,47.8989169218,1.57164645763,1.04425769533,0.00766738244166,-0.116894661509,-0.0101697464036,-0.993062649391
575629000000,663,575629000000,world,48.6023404679,1.57727926927,1.0382777828,0.00583994332578,-0.114322452321,-0.0100879386934,-0.993375309463
575662000000,664,575662000000,world,48.6023404679,1.57727926927,1.0382777828,0.00583994332578,-0.114322452321,-0.0100879386934,-0.993375309463
575696000000,665,575696000000,world,48.6023404679,1.57727926927,1.0382777828,0.00583994332578,-0.114322452321,-0.0100879386934,-0.993375309463
575730000000,666,575729000000,world,49.314082523,1.58260270055,1.0301421397,0.00380542347596,-0.115547201647,-0.00989832803246,-0.993245380581
575762000000,667,575762000000,world,49.314082523,1.58260270055,1.0301421397,0.00380542347596,-0.115547201647,-0.00989832803246,-0.993245380581
575796000000,668,575796000000,world,49.314082523,1.58260270055,1.0301421397,0.00380542347596,-0.115547201647,-0.00989832803246,-0.993245380581
575829000000,669,575829000000,world,50.0113473365,1.58839840927,1.02141380433,0.00388975310324,-0.116967890121,-0.00975575383085,-0.993080161804
575862000000,670,575862000000,world,50.0113473365,1.58839840927,1.02141380433,0.00388975310324,-0.116967890121,-0.00975575383085,-0.993080161804
575896000000,671,575896000000,world,50.0113473365,1.58839840927,1.02141380433,0.00388975310324,-0.116967890121,-0.00975575383085,-0.993080161804
575929000000,672,575929000000,world,50.7216957575,1.59454414824,1.01315450198,0.00533885838428,-0.116711575342,-0.0097977583551,-0.993103171228
575962000000,673,575962000000,world,50.7216957575,1.59454414824,1.01315450198,0.00533885838428,-0.116711575342,-0.0097977583551,-0.993103171228
575996000000,674,575996000000,world,50.7216957575,1.59454414824,1.01315450198,0.00533885838428,-0.116711575342,-0.0097977583551,-0.993103171228
576029000000,675,576029000000,world,51.4173430954,1.59971123213,1.0046666963,0.00575348004853,-0.115642984846,-0.0098937504602,-0.993224904654
576063000000,676,576062000000,world,51.4173430954,1.59971123213,1.0046666963,0.00575348004853,-0.115642984846,-0.0098937504602,-0.993224904654
576096000000,677,576096000000,world,51.4173430954,1.59971123213,1.0046666963,0.00575348004853,-0.115642984846,-0.0098937504602,-0.993224904654
576129000000,678,576129000000,world,52.1200401078,1.60392780884,0.994349753832,0.00491552413407,-0.115516995862,-0.00994486888502,-0.993243555666
576162000000,679,576162000000,world,52.1200401078,1.60392780884,0.994349753832,0.00491552413407,-0.115516995862,-0.00994486888502,-0.993243555666
576196000000,680,576196000000,world,52.1200401078,1.60392780884,0.994349753832,0.00491552413407,-0.115516995862,-0.00994486888502,-0.993243555666
576230000000,681,576230000000,world,52.8232299923,1.60801529602,0.981157911379,0.00471438993411,-0.117460408246,-0.00992271004262,-0.993016800889
576262000000,682,576262000000,world,52.8232299923,1.60801529602,0.981157911379,0.00471438993411,-0.117460408246,-0.00992271004262,-0.993016800889
576296000000,683,576296000000,world,52.8232299923,1.60801529602,0.981157911379,0.00471438993411,-0.117460408246,-0.00992271004262,-0.993016800889
576329000000,684,576329000000,world,53.5333520224,1.61210245508,0.965089588054,0.00532517940005,-0.119748991259,-0.0099551602547,-0.992740004402
576362000000,685,576362000000,world,53.5333520224,1.61210245508,0.965089588054,0.00532517940005,-0.119748991259,-0.0099551602547,-0.992740004402
576397000000,686,576397000000,world,53.5333520224,1.61210245508,0.965089588054,0.00532517940005,-0.119748991259,-0.0099551602547,-0.992740004402
576430000000,687,576429000000,world,54.2281724671,1.61591947372,0.946607555362,0.00628305915562,-0.119383825462,-0.0100320583667,-0.992777610138
576462000000,688,576462000000,world,54.2281724671,1.61591947372,0.946607555362,0.00628305915562,-0.119383825462,-0.0100320583667,-0.992777610138
576496000000,689,576496000000,world,54.2281724671,1.61591947372,0.946607555362,0.00628305915562,-0.119383825462,-0.0100320583667,-0.992777610138
576530000000,690,576529000000,world,54.9284034935,1.61908524211,0.922344569672,0.00662613847093,-0.116437332454,-0.0100612618303,-0.99312497346
576562000000,691,576562000000,world,54.9284034935,1.61908524211,0.922344569672,0.00662613847093,-0.116437332454,-0.0100612618303,-0.99312497346
576596000000,692,576596000000,world,54.9284034935,1.61908524211,0.922344569672,0.00662613847093,-0.116437332454,-0.0100612618303,-0.99312497346
576630000000,693,576629000000,world,55.6286745683,1.62207917123,0.895917153292,0.00693407631024,-0.114200387297,-0.0101427401282,-0.993381756904
576662000000,694,576662000000,world,55.6286745683,1.62207917123,0.895917153292,0.00693407631024,-0.114200387297,-0.0101427401282,-0.993381756904
576696000000,695,576696000000,world,55.6286745683,1.62207917123,0.895917153292,0.00693407631024,-0.114200387297,-0.0101427401282,-0.993381756904
576729000000,696,576729000000,world,56.3298106268,1.62496344582,0.869596534468,0.00721436692143,-0.114442286035,-0.0101761818429,-0.993351579955
576762000000,697,576762000000,world,56.3298106268,1.62496344582,0.869596534468,0.00721436692143,-0.114442286035,-0.0101761818429,-0.993351579955
576797000000,698,576796000000,world,56.3298106268,1.62496344582,0.869596534468,0.00721436692143,-0.114442286035,-0.0101761818429,-0.993351579955
576829000000,699,576829000000,world,57.0310766972,1.62775732187,0.843829169798,0.0074187439274,-0.115702200647,-0.0101958227722,-0.993203910686
576862000000,700,576862000000,world,57.0310766972,1.62775732187,0.843829169798,0.0074187439274,-0.115702200647,-0.0101958227722,-0.993203910686
576897000000,701,576896000000,world,57.0310766972,1.62775732187,0.843829169798,0.0074187439274,-0.115702200647,-0.0101958227722,-0.993203910686
576929000000,702,576929000000,world,57.7409593147,1.63050332252,0.817074720017,0.00749979184466,-0.120422586747,-0.0102287152851,-0.992641691199
576962000000,703,576962000000,world,57.7409593147,1.63050332252,0.817074720017,0.00749979184466,-0.120422586747,-0.0102287152851,-0.992641691199
576996000000,704,576996000000,world,57.7409593147,1.63050332252,0.817074720017,0.00749979184466,-0.120422586747,-0.0102287152851,-0.992641691199
577030000000,705,577029000000,world,57.7409593147,1.63050332252,0.817074720017,0.00749979184466,-0.120422586747,-0.0102287152851,-0.992641691199
577063000000,706,577062000000,world,58.6831235083,1.63387423875,0.783123041802,0.00741312482181,-0.12451703395,-0.0102655131871,-0.992136670563
577096000000,707,577096000000,world,58.6831235083,1.63387423875,0.783123041802,0.00741312482181,-0.12451703395,-0.0102655131871,-0.992136670563
577129000000,708,577129000000,world,58.6831235083,1.63387423875,0.783123041802,0.00741312482181,-0.12451703395,-0.0102655131871,-0.992136670563
577163000000,709,577163000000,world,59.3855842872,1.63683454378,0.759716496154,0.00817069361474,-0.12274440486,-0.0102829999038,-0.992351404873
577197000000,710,577196000000,world,59.3855842872,1.63683454378,0.759716496154,0.00817069361474,-0.12274440486,-0.0102829999038,-0.992351404873
577229000000,711,577229000000,world,59.3855842872,1.63683454378,0.759716496154,0.00817069361474,-0.12274440486,-0.0102829999038,-0.992351404873
577262000000,712,577262000000,world,60.0974854357,1.63973043542,0.73376913169,0.00862347749178,-0.123374079881,-0.0103197894424,-0.992269103618
577297000000,713,577296000000,world,60.0974854357,1.63973043542,0.73376913169,0.00862347749178,-0.123374079881,-0.0103197894424,-0.992269103618
577329000000,714,577329000000,world,60.0974854357,1.63973043542,0.73376913169,0.00862347749178,-0.123374079881,-0.0103197894424,-0.992269103618
577363000000,715,577362000000,world,60.7873454534,1.64235573845,0.710048691307,0.00847125984165,-0.119886343355,-0.0103919849869,-0.992697088281
