556263000000,406,556263000000,base_link,0.00308692525141,-0.00525937275961,-0.0393608696759,0.00402026769963,-0.000545539103391,0.00180333291495
556295000000,407,556295000000,base_link,0.00245493324474,-0.00466383108869,-0.0374777391553,0.00974618252398,-0.00142785471536,0.00258348801691
556327000000,408,556327000000,base_link,0.00221743062139,-0.00339132850058,-0.0369068533182,0.000290725602655,-0.00233372771698,-0.00330843342443
556363000000,409,556363000000,base_link,0.00369043904357,-0.00329898926429,-0.0367861203849,0.0076239893359,-0.00857128274904,0.00156911231383
556395000000,410,556395000000,base_link,0.00400506611913,-0.00302373454906,-0.0355891697109,0.00280309593652,-0.00399009971847,-0.000215321259617
556427000000,411,556427000000,base_link,0.00370265147649,-0.0028514796868,-0.0334173813462,0.00390060550265,-0.0043644044475,0.000489311083086
556463000000,412,556463000000,base_link,0.00339706544764,-0.00284281279892,-0.0321897640824,0.00150741358015,-0.00934245693903,0.000840895381044
556495000000,413,556495000000,base_link,0.00338743324392,-0.00144929718226,-0.0323333926499,0.00431364013799,-0.00842766772675,0.000675158747415
556527000000,414,556527000000,base_link,0.00309552554972,-0.000812007347122,-0.0321422554553,0.0056823201534,-0.00110376852963,-0.00232415836771
556563000000,415,556563000000,base_link,0.00403228262439,-0.000536964682397,-0.0314175970852,0.000943475839251,-0.00313341345801,-0.00498653208648
556595000000,416,556595000000,base_link,0.00441759778187,0.000506959098857,-0.030521845445,0.00210510962636,-0.0109535542308,-0.00218349887184
556627000000,417,556627000000,base_link,0.00465581100434,0.00164086022414,-0.0295858755708,0.00711696846679,-0.00761900442237,0.00208517150823
556663000000,418,556663000000,base_link,0.00335254380479,0.00203480315395,-0.0281742177904,-0.00141816927687,0.0002020590253,0.000631983645667
556695000000,419,556695000000,base_link,0.00344930333085,0.00112679437734,-0.0275607258081,0.000509259344491,-0.00524254663333,0.00216308298487
556727000000,420,556727000000,base_link,0.00322108529508,0.00143549451604,-0.027130831033,-0.00262760132457,-0.00664086119751,0.00390394010581
556763000000,421,556763000000,base_link,0.00377555331215,0.000959231867455,-0.025702888146,0.000495303897269,-0.00702941025301,0.00416854558412
556795000000,422,556795000000,base_link,0.00400749081746,0.000804665556643,-0.0259603559971,0.00074594660117,-0.00425340746773,-0.00283492360499
556827000000,423,556827000000,base_link,0.00420198775828,0.0013390139211,-0.0250409506261,0.00175973165639,-0.000831160685376,-0.00342055695161
556863000000,424,556863000000,base_link,0.00494925538078,0.00130968948361,-0.023662596941,-0.00335100268639,-0.00732298082008,0.00310296011835
556895000000,425,556895000000,base_link,0.00472044292837,0.0026843722444,-0.022730300203,0.000180898705497,-0.00562071551339,-0.0023529529638
556927000000,426,556927000000,base_link,0.00460120476782,0.00340215186588,-0.0226690918207,0.0011031859756,-0.00390015213464,-0.00397169144806
556963000000,427,556963000000,base_link,0.0047543910332,0.00381200038828,-0.0232169572264,0.00372860198474,-0.00659867453938,-0.00167201180163
556995000000,428,556995000000,base_link,0.00574464304373,0.00448214961216,-0.0229658205062,0.00134274579618,-0.0120698680523,0.00570020477725
557027000000,429,557027000000,base_link,0.00565825914964,0.00471362471581,-0.0223359838128,0.00415183881055,-0.00759175213777,-0.00272151870586
557063000000,430,557063000000,base_link,0.00422859517857,0.00319034699351,-0.0210628844798,-0.00227843124479,-0.00873923868399,-0.00134835161151
557095000000,431,557095000000,base_link,0.00382828246802,0.00351241976023,-0.0207315292209,9.34928625642e-05,-0.00717833683983,-0.000665677357605
557127000000,432,557127000000,base_link,0.00306591321714,0.00493153743446,-0.019734961912,-0.000301282387193,-0.00334217705414,-0.00153959676773
557163000000,433,557163000000,base_link,0.00265727727674,0.00486551225185,-0.0193003322929,0.00102783898025,-0.00524059923153,-0.000721005641891
557195000000,434,557194000000,base_link,0.00164678436704,0.00426705460995,-0.0175566524267,0.00857806461204,-0.00476046545455,-0.00160615551469
557227000000,435,557227000000,base_link,0.00266365823336,0.00503031304106,-0.0179559439421,0.00233877844283,-0.00428007296149,0.00394750003262
557263000000,436,557263000000,base_link,0.0020585777238,0.00496484991163,-0.0170600172132,0.00057945551489,-0.00436058393229,0.00592184122159
557295000000,437,557295000000,base_link,0.0018822690472,0.0053445585072,-0.0172626208514,0.000501473486468,-5.51245936435e-05,-0.00190784837358
557327000000,438,557327000000,base_link,0.00185284984764,0.00610036402941,-0.0173410046846,0.00108184716548,-0.00430931397124,0.0010613086736
557363000000,439,557363000000,base_link,0.00174178089947,0.00627758167684,-0.0162328910083,0.0065157699499,-0.00378088003689,-0.000661309884129
557395000000,440,557395000000,base_link,0.00210683327168,0.00657429825515,-0.0145735787228,0.00399631198915,-0.00412565648767,-0.000171213054259
557427000000,441,557427000000,base_link,0.00256789359264,0.00713950162753,-0.0129835177213,-0.000428293413016,-0.00291698659352,0.000449519887271
557463000000,442,557463000000,base_link,0.00224604620598,0.00772375613451,-0.0118778981268,-0.00135516563822,-0.00414371186288,-0.000737452705197
557495000000,443,557495000000,base_link,0.00296110101044,0.00726846093312,-0.0105940876529,-4.04829478102e-05,-0.0060592281966,0.00311221625202
557527000000,444,557527000000,base_link,0.00284434948117,0.0079693198204,-0.00951308105141,0.001867029072,-0.00658648279717,0.00177682756461
557563000000,445,557563000000,base_link,0.00269115180708,0.00635781697929,-0.00908522866666,0.000651273381917,-0.00570360950465,0.00547244981752
557595000000,446,557595000000,base_link,0.0027669002302,0.00625083083287,-0.00831647682935,0.00564293350498,-0.00917116115763,-0.00073204509569
557627000000,447,557627000000,base_link,0.00360716227442,0.00559699768201,-0.00674002151936,0.00369347101308,-0.0053639781233,-0.000561319355044
557663000000,448,557663000000,base_link,0.00389163894579,0.00386665645055,-0.00578957051039,-0.000118906222695,-0.00119725952753,0.00746889023345
557695000000,449,557695000000,base_link,0.00333908759058,0.00423545949161,-0.00512334611267,0.00164311519868,-0.00420389381075,0.00559520203706
557727000000,450,557727000000,base_link,0.00351038202643,0.00408241245896,-0.0047291633673,0.00333477970794,-0.0075709134228,0.00144135463567
557763000000,451,557763000000,base_link,0.00339572248049,0.00438908627257,-0.00506451260298,0.000948116114319,-0.00259733677365,0.00327035381395
557795000000,452,557795000000,base_link,0.0037236046046,0.00383202801459,-0.00415063370019,-0.00145284492986,-0.0017663757145,-0.00296842369777
557827000000,453,557827000000,base_link,0.00389239005744,0.00369536760263,-0.00429418683052,-0.0018699541716,-0.000916980065394,0.00366770650755
557863000000,454,557863000000,base_link,0.00405458593741,0.00327025284059,-0.00483154831454,0.00199103711923,-0.00973858673871,-0.00293051732507
557895000000,455,557895000000,base_link,0.00355789554305,0.00325411115773,-0.00459307944402,-0.00127931172812,-0.0114239547888,-0.000580662698291
557927000000,456,557927000000,base_link,0.00439918413758,0.00330860493705,-0.00423177145422,0.00506771896723,-0.00725125202114,0.00130818550607
557963000000,457,557963000000,base_link,0.00453568575904,0.00374725367874,-0.00405447697267,0.00165220510094,-0.000141904252377,0.00310927219649
557995000000,458,557995000000,base_link,0.00456309039146,0.00352519541048,-0.00369937205687,-0.000148965013873,-0.00343670421032,0.00187970220375
558027000000,459,558027000000,base_link,0.0046769795008,0.0036345035769,-0.003020883305,-0.00204485413742,-0.00537172627863,0.00183268449015
558063000000,460,558063000000,base_link,0.00444412138313,0.00387092819437,-0.00354780908674,0.00201380864207,-0.00701903774546,0.0034623767232
558095000000,461,558094000000,base_link,0.00382158067077,0.00386718683876,-0.00220237555914,-0.00315185321667,-0.00326488567005,-0.00248978179597
558127000000,462,558127000000,base_link,0.00261871446855,0.00369350076653,-0.00228767842054,0.00610637031858,-0.00348515874774,-0.00430851837529
558163000000,463,558163000000,base_link,0.00332950078882,0.0033564127516,-0.00163326878101,0.00160126456938,-0.00760360419649,-0.00365731668333
558195000000,464,558195000000,base_link,0.00414395099506,0.00332094007172,-0.00208063819446,-0.00135504057059,-0.00676251424355,7.2402052026e-05
558227000000,465,558227000000,base_link,0.00495814904571,0.00354894320481,-0.000504120893311,0.00166614280411,-0.00906564919525,-0.000406209503824
558263000000,466,558263000000,base_link,0.00468913791701,0.00415574014187,4.28358252975e-05,-0.00060835317012,-0.00749256026252,-0.00527305972852
558295000000,467,558295000000,base_link,0.00430117128417,0.00273015559651,0.00135261914693,-0.00436821098748,-0.00304469876142,-0.000809454444733
558327000000,468,558327000000,base_link,0.00516126677394,0.00268243718892,0.00168068590574,0.00309614178352,0.00119743566048,-0.00266203245883
558363000000,469,558363000000,base_link,0.00501084746793,0.00283303344622,0.00200710189529,0.00384638803963,-0.00460383893068,-0.00527231229413
558395000000,470,558395000000,base_link,0.00526215322316,0.00361178768799,0.00263907434419,0.000753502616658,-0.00188774908508,0.00378178862771
558427000000,471,558427000000,base_link,0.00506529584527,0.00417626649141,0.00281272619031,0.00278253009484,-0.00768807148703,0.00382514001432
558463000000,472,558463000000,base_link,0.00615821126848,0.002948053414,0.003262657905,0.0019460721738,-0.00471111976862,0.00139819717103
558495000000,473,558495000000,base_link,0.00620046630502,0.00275330012664,0.00329324766062,0.000868148361657,-0.00583021800619,-0.00273680661034
558527000000,474,558527000000,base_link,0.00568168004975,0.00311684724875,0.00413443753496,0.00675302139101,-0.0036380479706,0.00355489387945
558563000000,475,558563000000,base_link,0.00613132072613,0.00449974508956,0.00336667709053,0.00310379393774,-0.00785712490189,8.61963075679e-06
558595000000,476,558595000000,base_link,0.00586909567937,0.00489805964753,0.00408814335242,0.00368555600208,-0.00608080427324,0.00416133259612
558627000000,477,558627000000,base_link,0.00562926987186,0.00414501782507,0.00385131360963,-0.000304150685378,-0.0048274522632,0.000168579803075
558663000000,478,558663000000,base_link,0.00416786922142,0.00383897009306,0.0040464438498,0.00548310650949,-0.000776662700454,-0.00207920398005
558695000000,479,558695000000,base_link,0.00477654673159,0.00327646476217,0.00468162912875,0.00166915056108,-0.00454865238886,0.0031491259445
558727000000,480,558727000000,base_link,0.00473021389917,0.00213367003016,0.00524144992232,0.00284893422085,-0.00873773116275,-0.000362018833499
558763000000,481,558763000000,base_link,0.00385999050923,0.00265206838958,0.00412209425122,0.0023625460329,-0.00769676215928,-0.00196715474559
558795000000,482,558794000000,base_link,0.00370283843949,0.0017074792413,0.0038530677557,0.00405058897832,-0.00745227286933,-0.00162189510233
558827000000,483,558827000000,base_link,0.00286548305303,0.0015183071373,0.00323867518455,0.0107413192298,-0.0066690745728,0.00514924955451
558863000000,484,558863000000,base_link,0.00415158364922,0.000722315860912,0.00306199677289,0.00595192142712,-0.00548905731465,-0.00470688219369
558895000000,485,558895000000,base_link,0.00457464065403,0.00099407217931,0.00219738669693,-9.03047822711e-05,-0.00675916184991,-0.000372934461338
558927000000,486,558927000000,base_link,0.00564671028405,0.0011300467886,0.0018047329504,-0.0020827807524,-0.00413912380324,-0.00217376559461
558963000000,487,558963000000,base_link,0.00553944846615,0.00176840368658,0.00167135731317,-0.00243458432713,-0.00266503372152,0.00347244839566
558995000000,488,558995000000,base_link,0.00570898549631,0.00172155711334,0.00102082861122,-0.00510455953286,-0.00569956401437,0.000668624710012
559027000000,489,559027000000,base_link,0.00651203049347,0.0013857614249,0.00116996164434,-0.00105001230708,-0.00488112012828,0.00119215958712
559063000000,490,559063000000,base_link,0.00607837131247,5.46692026546e-05,0.00181618519127,-0.000871474454935,0.000524725181081,-0.00350999066565
559095000000,491,559095000000,base_link,0.00555853778496,-0.00059203687124,0.00186599069275,0.000437705728812,-0.00471748316537,0.00207162387629
559127000000,492,559127000000,base_link,0.00588992470875,-0.000488221703563,0.00210439763032,0.000777022132606,-0.00430348127768,0.00310317036149
559163000000,493,559163000000,base_link,0.00568071799353,-0.000339430611348,0.00172323151492,0.00455333790317,-0.00281096882245,-0.000275242940846
559195000000,494,559195000000,base_link,0.00465801591054,0.000267204333795,0.00210179132409,0.00128106107819,-0.00901179991733,0.00120654301485
559227000000,495,559227000000,base_link,0.00583659671247,0.00033893037471,0.00356411491521,0.00489350939667,-0.00896442510174,0.0011807380985
559263000000,496,559263000000,base_link,0.00557770673186,0.000553523132112,0.00478724762797,-2.98174884594e-05,-0.000957172271365,0.00134774603317
559295000000,497,559295000000,base_link,0.0056765624322,-1.555687777e-05,0.00365258636884,-0.00239690430186,-0.00967461250367,0.00567434532976
559327000000,498,559327000000,base_link,0.00621144706383,-0.000508246361278,0.00229474203661,0.00286114251971,-0.00940509677228,0.00202802848984
559363000000,499,559363000000,base_link,0.00553449522704,-0.000380606681574,0.002709424356,-0.00150104215346,-0.00212000929789,0.00462179072816
559395000000,500,559395000000,base_link,0.00500625977293,-0.000270625198027,0.00415419414639,-0.000384688042904,-0.00631945789586,0.000566800470327
559427000000,501,559427000000,base_link,0.00528993504122,0.000929577392526,0.00488930242136,-0.00161977378924,-0.00352132606977,0.00424768514812
559463000000,502,559463000000,base_link,0.00437594205141,0.000170004946995,0.00517749600112,-0.000685141877172,-0.00581730660383,0.0046139465229
559495000000,503,559495000000,base_link,0.00479525933042,0.000626058434136,0.00505854422227,-0.00037664483718,-0.00706595153929,0.00170866171415
559527000000,504,559527000000,base_link,0.00397423841059,0.00154926732648,0.00534810172394,0.00522051652769,-0.00796809638411,0.00292867303478
559563000000,505,559563000000,base_link,0.00345545774326,0.00138652848545,0.00414104061201,0.00786701833493,-0.00811706648477,-0.00370490298983
559595000000,506,559595000000,base_link,0.00328357657418,0.000743329001125,0.00472422549501,0.00283213277986,-0.00765435649217,0.00154382302519
559627000000,507,559627000000,base_link,0.00315898889676,0.0001783783664,0.00548024941236,-0.00269676200334,-0.00732880034006,0.00409926137536
559663000000,508,559663000000,base_link,0.0016067752149,0.000537208921742,0.00435105711222,0.00102703869415,-0.00676668891203,0.00222253004262
559695000000,509,559695000000,base_link,0.00142252980731,-0.000347981811501,0.00419851671904,-0.000917464992226,-0.00585542435489,0.00176720102491
559727000000,510,559727000000,base_link,0.000894368218724,-0.00107923545875,0.00512014934793,1.26838124085e-05,-0.00876502504431,-0.00180378907519
559763000000,511,559763000000,base_link,0.00051130814245,-0.0003575400915,0.00525507377461,-9.33690823244e-05,-0.00519696952209,0.00682219833968
559795000000,512,559795000000,base_link,0.000445151788881,-0.0007655241061,0.00537929916754,0.000996108817172,-0.00353573045036,0.00273065067388
559827000000,513,559827000000,base_link,-0.000155847723363,-0.0020734469872,0.00538063375279,0.00540655543744,-0.00779930865496,-0.000289821923654
559863000000,514,559863000000,base_link,0.000164124910953,-0.00385612458922,0.00460531190038,0.000908919810151,-0.00693800785672,0.00244700700724
559895000000,515,559895000000,base_link,0.000250562530709,-0.00321002630517,0.00411612121388,0.0041387440293,-0.00759237054759,-0.00139844438821
559927000000,516,559927000000,base_link,0.000588639231864,-0.00260114576668,0.00446475436911,0.00030507515799,-0.0064539598435,-0.00549426075012
559963000000,517,559963000000,base_link,0.0011651001405,-0.00304381456226,0.00375623768196,0.00244717236231,-0.00491156925511,-0.00270337680912
559995000000,518,559995000000,base_link,0.000252457888564,-0.00389701407403,0.00377842201851,0.00219596887302,-0.00281023000204,-0.00342722887187
560027000000,519,560027000000,base_link,-0.000193469124497,-0.00384787772782,0.00306042004377,0.00399045436747,-0.00639211558452,0.00175182106947
560063000000,520,560063000000,base_link,-0.00110604881775,-0.00486894510686,0.0037090445403,-0.00106398138563,-0.00427714566836,-0.000530468501412
560095000000,521,560095000000,base_link,-0.00161851698067,-0.00588739523664,0.0039517916739,0.0030724938766,-0.00472814277925,-0.000713157589283
560127000000,522,560127000000,base_link,-0.00194808351807,-0.00634191511199,0.00445214938372,0.00332304750667,-0.00439555253945,0.0041877897093
560163000000,523,560163000000,base_link,-0.00378952315077,-0.00716675911099,0.00385098927654,-0.00207534424277,-0.00178959367533,0.00247337974681
560195000000,524,560195000000,base_link,-0.00344043853693,-0.00744853680953,0.0035915481858,0.00137057007681,-0.00855496172771,0.00105774195462
560227000000,525,560227000000,base_link,-0.00283734616823,-0.008858746849,0.00242436281405,-8.85843887227e-05,-0.00640528978814,0.000273332058982
560263000000,526,560263000000,base_link,-0.00172902084887,-0.00977795477957,0.0027071184013,-0.00268744563668,-0.00650792731575,-0.00250134926312
560295000000,527,560295000000,base_link,-0.00147268851288,-0.0102391364053,0.00318482029252,0.00343952352953,-0.00401767423037,-0.00345125744467
560327000000,528,560327000000,base_link,-0.00200334191322,-0.0113072767854,0.00245890812948,-0.00243150537147,0.000226524314788,-0.00236579171713
560363000000,529,560363000000,base_link,-0.00252322619781,-0.0115999393165,0.00187799765263,0.00140238997272,-0.00695541021438,0.00219231661757
560395000000,530,560395000000,base_link,-0.00194204505533,-0.0120451441035,0.00109935423825,0.00122079674964,-0.00520489359922,0.0069632341355
560427000000,531,560427000000,base_link,-0.00127271132078,-0.012761330232,0.00145387381781,0.00189767040072,-0.00523855940367,-0.00154363763253
560463000000,532,560463000000,base_link,-0.0011152420193,-0.0130615569651,0.000538045889698,0.00339634478099,0.000425272631803,0.00617836417512
560495000000,533,560495000000,base_link,-0.000816392537672,-0.0131920799613,-0.000351381895598,-0.00288432326314,-0.000837325936271,-0.00130302586239
560527000000,534,560526000000,base_link,-0.00183970131911,-0.0135669140145,0.000398163974751,0.000134819460944,-9.41444481207e-05,-0.00174551079333
560563000000,535,560563000000,base_link,-0.00113570899703,-0.013943229802,-0.000633217045106,-0.000306879059201,-0.00199360978514,0.00179883200587
560595000000,536,560595000000,base_link,-0.00155161926523,-0.0143701257184,-0.00149226619396,-9.08647836159e-05,-0.00511753803107,-0.00140765114684
560627000000,537,560627000000,base_link,-0.00158189469948,-0.014659604989,-0.00200933753513,0.0033145684766,-0.0105039835898,0.00388088845821
560663000000,538,560663000000,base_link,-0.00120892655104,-0.0157162994146,-0.00152751337737,-0.00229471310022,-0.0077401353513,0.000173967347335
560695000000,539,560695000000,base_link,-0.00126988068223,-0.0157603155822,-0.00183592480607,-0.00232553258114,-0.00510414126994,0.000567742685885
560727000000,540,560727000000,base_link,-0.000768315396272,-0.0161764323711,-0.00168065994512,0.000373483516043,-0.00112108619039,0.000436107421999
560763000000,541,560763000000,base_link,-0.00132633256726,-0.0160364769399,-0.00152513757348,0.00393654674724,-0.00305462459579,-0.00192354065543
560795000000,542,560795000000,base_link,-0.00184350716881,-0.0171195492148,-0.00306296884082,0.00129095356746,-0.00432130008862,-0.000648803465956
560827000000,543,560827000000,base_link,-0.00110546965152,-0.0163071621209,-0.0028618008364,0.000896113317178,-0.00318301507728,-0.00207667279289
560863000000,544,560863000000,base_link,-0.000760712311603,-0.0163153167814,-0.00348191708326,0.000895043333027,-0.0013343872536,0.00114867148913
560895000000,545,560895000000,base_link,-0.000553783844225,-0.0159827936441,-0.0042051197961,-0.00514312491539,-0.00920018419128,-0.00143267412064
560927000000,546,560927000000,base_link,-0.000660562363919,-0.0152322370559,-0.00428281212226,0.00149875699314,-0.00490692901662,0.00113348755507
560963000000,547,560963000000,base_link,-0.00195960514247,-0.0142436958849,-0.00396815873682,0.00108032593333,-0.00167757256373,0.00108811405018
560995000000,548,560995000000,base_link,-0.00168028927874,-0.0140166673809,-0.00427250284702,-0.0069520726272,-0.00437422587129,0.00440940212832
561027000000,549,561027000000,base_link,-0.00185074098408,-0.0128985401243,-0.00546904653311,-0.00168432139138,-0.00475175591137,0.00284825498612
561063000000,550,561063000000,base_link,-0.00155366421677,-0.0118004791439,-0.00617882329971,0.006276914948,-0.00786946514144,-0.00303399239507
561095000000,551,561095000000,base_link,-0.00265345512889,-0.0109925214201,-0.00764087680727,0.00104420868699,-0.00448000226286,0.000988105145783
561127000000,552,561127000000,base_link,-0.00226659351029,-0.0100608831272,-0.00825631245971,0.00331171815114,-0.00151944202572,0.00253006747809
561163000000,553,561163000000,base_link,-0.00245572510175,-0.00830632448196,-0.00785427261144,0.000893114030476,-0.00108331947594,0.00300609321977
561195000000,554,561195000000,base_link,-0.00175436411519,-0.00779494969174,-0.00780571158975,0.00183763757774,-0.0046754682852,-0.00259397569677
561227000000,555,561227000000,base_link,-0.000470117287477,-0.00746811786667,-0.00827358290553,0.000663617242037,0.000651599683527,-0.00328710396304
561263000000,556,561263000000,base_link,-0.000572396325879,-0.00812506582588,-0.00865695253015,-0.000907166250172,-0.00339673557825,0.0057036943183
561295000000,557,561295000000,base_link,0.000235584855545,-0.00751081993803,-0.00970202032477,-6.16971463932e-05,-0.00796754675055,0.00526795639234
561327000000,558,561327000000,base_link,0.000918368459679,-0.00678891548887,-0.00973949953914,0.007770714406,-0.00460157516686,0.00509278199393
561363000000,559,561363000000,base_link,0.00159934838302,-0.00721002090722,-0.0105388751253,-0.000271003342288,-0.00435062150291,-0.00309002406603
561395000000,560,561395000000,base_link,0.00147417990956,-0.00744045618922,-0.0107045108452,0.000238221942045,-0.00383085907981,-0.00677237500844
561427000000,561,561427000000,base_link,0.000783348514233,-0.00702733499929,-0.0104590980336,-0.000479103230293,-0.00733529723839,-0.000649729061807
561463000000,562,561463000000,base_link,0.000107221727376,-0.00669724680483,-0.010150866583,0.00271794610402,-0.00216187565382,-0.00108149041363
561495000000,563,561495000000,base_link,0.00015867582988,-0.00597626389936,-0.01024686452,-0.00173031222651,-0.00601473523656,0.00216574143136
561527000000,564,561527000000,base_link,0.0011082222918,-0.00524878688157,-0.00985284522176,0.00335819511581,-0.00314507311671,0.000480005541985
561563000000,565,561563000000,base_link,0.0012203687802,-0.00518338661641,-0.0105476360768,0.00170142542805,-0.00493112708302,-0.00201366679125
561595000000,566,561595000000,base_link,0.00133666419424,-0.00379312923178,-0.0102209532633,0.00106829244539,0.0031814481503,0.0023634992014
561627000000,567,561627000000,base_link,0.00156909716316,-0.00275484169833,-0.0100803757086,-0.00361805685908,-0.00590497322256,0.000499186176665
561663000000,568,561663000000,base_link,0.00155916507356,-0.00301479105838,-0.00945669785142,0.00403661586976,-0.0073842764067,-0.000398297368737
561695000000,569,561695000000,base_link,0.00227503245696,-0.00323504605331,-0.00819695182145,-0.000760444147154,-0.0108443600664,0.0020539647021
561727000000,570,561727000000,base_link,0.00238274293952,-0.00273796985857,-0.00793049111962,0.00393998258948,-0.00381915344067,-0.000854677149198
561763000000,571,561763000000,base_link,0.00284455856308,-0.00328021356836,-0.0085118021816,-0.00094748818348,-0.00142692391002,-0.00279905240799
561795000000,572,561795000000,base_link,0.00339408684522,-0.00273472769186,-0.00852619949728,0.00379721139172,-0.0102610338341,0.000817460794561
561827000000,573,561827000000,base_link,0.00323198060505,-0.000584283843637,-0.00846788845956,0.00150293908921,-0.00587247426514,-0.0069547833883
561863000000,574,561863000000,base_link,0.00354965613224,-0.000631834729575,-0.00683133164421,0.00245330154051,-0.00768161970241,0.000900542541898
561895000000,575,561895000000,base_link,0.00312818889506,0.000459672563011,-0.00569969275966,0.00624589276209,-0.00437307775368,0.000379772276405
561927000000,576,561927000000,base_link,0.00313609954901,-4.51316300314e-05,-0.0042336252518,-0.00394595754558,-0.00783365462911,0.00390956264729
561963000000,577,561963000000,base_link,0.0025109865237,0.000149153900566,-0.00376893975772,-0.000927076071693,-0.00712888359455,0.000498421032524
561995000000,578,561995000000,base_link,0.00287458789535,0.00156062794849,-0.00509705580771,0.00445471380091,-0.00820320312947,0.00440383510839
562027000000,579,562027000000,base_link,0.0027381805703,0.00123519171029,-0.00603093393147,-0.000645011830971,-0.00652409724965,0.00221435229549
562063000000,580,562063000000,base_link,0.00257956329733,0.000396666815504,-0.00554503314197,0.00279811721865,-0.00841544501502,0.00491602197484
562095000000,581,562095000000,base_link,0.00297631835565,-0.00110404600855,-0.00612023612484,0.00712419836441,-0.0103369661066,0.00402021701999
562127000000,582,562127000000,base_link,0.0025305878371,-0.00122629851103,-0.00507544260472,-0.00236975268268,-0.00825139457043,0.00290907310049
562162000000,583,562163000000,base_link,0.00202366453595,-0.00115633150563,-0.00414095632732,0.00233814923649,-0.00338032181424,0.00511395754053
562194000000,584,562194000000,base_link,0.00158102135174,-0.00132888799999,-0.00513233011588,-0.00242021300082,-0.00775165456497,0.00238865098971
562227000000,585,562227000000,base_link,0.00072412902955,-0.00107836315874,-0.00553542003036,-0.00561358061472,-0.00947938859332,-0.00134661988321
562263000000,586,562263000000,base_link,0.000829374301247,-0.000663205224555,-0.00609420705587,0.00709686354441,-0.00409926834646,-0.00619877259542
562295000000,587,562295000000,base_link,0.000410523556639,-0.00022037900635,-0.00567939924076,0.00103963600565,-0.0070145158601,-0.00520392701919
562327000000,588,562327000000,base_link,0.000427777849836,4.98390436405e-05,-0.00701205292717,-0.00124564233068,-0.00567854865604,0.000926634688248
562363000000,589,562363000000,base_link,0.000471093662782,0.000965566199739,-0.00686310278252,0.00301938420418,-0.00353190450774,-0.00521085453303
562395000000,590,562395000000,base_link,0.000338992365869,0.00145520595834,-0.00704843504354,0.00198114202943,-0.00893177369695,-0.000218409489562
562427000000,591,562427000000,base_link,-7.32961416361e-05,0.00163485843223,-0.00707536935806,-0.00162394578187,-0.00599346484438,-0.00233723709049
562463000000,592,562463000000,base_link,3.94199923903e-05,0.00244332640432,-0.00696306722239,6.46019074305e-05,-0.00546086605652,-0.000764696357277
562495000000,593,562495000000,base_link,0.00102355505805,0.00297651905566,-0.00517828762531,0.00233707572397,-0.00259838858766,0.00730275382446
562527000000,594,562527000000,base_link,0.00109939172398,0.00349200586788,-0.00510767288506,-0.00067884966936,-0.00643099205456,0.00179916633562
562563000000,595,562563000000,base_link,0.00145041022915,0.00395757006481,-0.00507950689644,-0.00103116698924,-0.00514776644323,-0.00620212781601
562594000000,596,562594000000,base_link,0.000584412598982,0.00464487401769,-0.0055825538002,-0.00322492813162,-0.00468154265937,0.00146693228062
562627000000,597,562627000000,base_link,-0.000313345139148,0.00493031786755,-0.00687902839854,0.00425950003476,-0.00061456044457,-0.000525799440554
562663000000,598,562663000000,base_link,0.00023846210388,0.00473980978131,-0.0071600410156,-0.000154691354215,-0.00539921483331,0.000635937915327
562695000000,599,562695000000,base_link,0.00181504921056,0.00582049554214,-0.00798024795949,0.00743040408171,-0.00665212595723,0.00363966566163
562727000000,600,562727000000,base_link,0.0022370996885,0.00568495318294,-0.00816222839057,0.00302110690534,-0.00663323278037,-0.000324719407768
562763000000,601,562763000000,base_link,0.00307185808197,0.00585591886193,-0.00822887290269,0.00285146118376,-0.00581687661112,0.00773573047945
562795000000,602,562795000000,base_link,0.0028323973529,0.0070162913762,-0.00794875063002,0.00536278999629,-0.00221007001522,-0.00467992936495
562827000000,603,562827000000,base_link,0.00283674011007,0.00754131749272,-0.00859647896141,0.00858998720902,-0.000401981148999,-0.00278238715573
562863000000,604,562863000000,base_link,0.00200961506926,0.00915771909058,-0.00901105999947,0.00125645405397,-0.0017805906357,-0.00143903680599
562895000000,605,562895000000,base_link,0.00321442191489,0.00925643090159,-0.00975203514099,0.0019651846278,-0.00141488050564,0.00282842826443
562927000000,606,562927000000,base_link,0.00377379194833,0.00925689563155,-0.00991387479007,-0.000512156034901,-0.00914580600033,-0.00231320951922
562963000000,607,562963000000,base_link,0.003770618001,0.0107231419533,-0.00921408738941,0.0019195025376,0.00202042023366,0.00124328306457
562995000000,608,562995000000,base_link,0.00441508833319,0.0110699255019,-0.00954701565206,-0.00276268016542,-0.000568960060501,0.00325434751751
563027000000,609,563027000000,base_link,0.00412649614736,0.0112511664629,-0.00951466243714,0.00302341200892,-0.000774234993998,0.00139874702936
563063000000,610,563063000000,base_link,0.00473676435649,0.0115444818512,-0.00948542263359,-0.00812696328172,-0.000444898157013,-0.00323131293964
563095000000,611,563095000000,base_link,0.00490842806175,0.0115555776283,-0.00937828794122,0.00336792947124,-0.00855501154587,0.0037644164318
563127000000,612,563127000000,base_link,0.00579747231677,0.0115129770711,-0.00901679508388,-0.00347373211687,-0.00242493006236,0.000141789724815
563163000000,613,563163000000,base_link,0.0063078883104,0.0111508956179,-0.00803159922361,0.00260661752728,-0.00643307710132,-0.000333206432368
563195000000,614,563195000000,base_link,0.00763635383919,0.0113164652139,-0.00825998466462,0.00207022856421,0.00483624284749,-0.00106454591777
563227000000,615,563227000000,base_link,0.00790712982416,0.0114974267781,-0.00705398572609,0.000346822484242,-0.00830543695634,-0.002306204877
563263000000,616,563263000000,base_link,0.00810812227428,0.0115234423429,-0.00599104259163,0.00271512938441,-0.00328593635107,-0.000788015639457
563295000000,617,563295000000,base_link,0.00876740831882,0.0114601366222,-0.00632088072598,0.0074936888501,-0.00500526025718,-0.00816093491773
563327000000,618,563327000000,base_link,0.00950553547591,0.0116163864732,-0.00751636875793,-0.00636417336354,-0.0049916854776,-0.000305559354035
563363000000,619,563363000000,base_link,0.0101180784404,0.0124326171353,-0.00727922096848,-0.000500862460012,-0.00400228625096,0.00623037351751
563395000000,620,563395000000,base_link,0.0103773232549,0.0130287595093,-0.00848515424877,0.00290451650938,-0.0016869012778,-0.00121372734235
563427000000,621,563427000000,base_link,0.0105436993763,0.0133028281853,-0.00790288392454,-0.00516744922801,-0.00941918111276,0.00336332566355
563463000000,622,563463000000,base_link,0.0100811142474,0.0144779970869,-0.0075707770884,0.00113284633157,-0.00615644110833,-0.00296621669867
563495000000,623,563495000000,base_link,0.0103127202019,0.013925364241,-0.00684423418716,0.0019567302712,-0.00177646369193,3.51593247232e-05
563527000000,624,563527000000,base_link,0.0101700117812,0.0139182889834,-0.00521890260279,-0.00152885158767,-0.00805359980824,0.00245976366465
563563000000,625,563563000000,base_link,0.0101308170706,0.0153661919758,-0.00542324362323,0.0058066194228,-0.00256710752133,0.00247418459287
563595000000,626,563594000000,base_link,0.00974053703249,0.0157579760998,-0.00517712719738,-0.000580741084153,-0.00520323966977,-0.00506639923151
563627000000,627,563627000000,base_link,0.0101457936689,0.016415854916,-0.00512206088752,-0.00381374980145,-0.0141662462151,0.00548461401909
563663000000,628,563663000000,base_link,0.00971425883472,0.0166243202984,-0.00464259646833,-0.000114998206664,-0.00635135169871,0.00104434625738
563695000000,629,563695000000,base_link,0.00999275501817,0.0167969409376,-0.00399115728214,-0.0013977522686,-0.00655928554823,0.00360473694756
563727000000,630,563727000000,base_link,0.0100791016594,0.0176731273532,-0.00328738312237,0.000495615498356,-0.0115986806377,0.00104348026734
563763000000,631,563763000000,base_link,0.0108381705359,0.0180782675743,-0.00282396748662,-0.000724547473827,-0.00751105106788,0.00412484972932
563794000000,632,563794000000,base_link,0.0103187216446,0.0187069121748,-0.00389678706415,-0.00224892306743,-0.00318779303179,0.00208698185946
563827000000,633,563827000000,base_link,0.0106410384178,0.0192999914289,-0.00303447712213,7.58559977643e-05,-0.000930562816997,-0.00184640317516
563863000000,634,563863000000,base_link,0.00910284090787,0.0199045930058,-0.0022758457344,-0.000771458841427,-0.00285052507356,0.00729983287548
563894000000,635,563894000000,base_link,0.00814855471253,0.0194632522762,-0.00193769135512,7.71169688115e-05,-0.00585538457143,-0.00311356005729
563927000000,636,563927000000,base_link,0.00738669373095,0.0206548906863,-0.00178350403439,0.00364819586436,-0.00588398843909,-0.00258214409393
563963000000,637,563963000000,base_link,0.00650011142716,0.0207386072725,-0.00105055386666,-0.000366355736222,-0.00979912525847,-0.00421173004147
563995000000,638,563995000000,base_link,0.00647331867367,0.0202598404139,-0.000388787360862,-0.000761638044828,-0.00485470997465,0.00411666013153
564027000000,639,564027000000,base_link,0.00625681690872,0.0210545621812,8.16808751551e-05,0.00545102384936,-0.0051082667661,-0.0085379661118
564063000000,640,564063000000,base_link,0.00578416418284,0.0207521710545,0.00123194151092,0.00416799750033,-0.00473161256194,0.00208013207341
564095000000,641,564095000000,base_link,0.00474327430129,0.0212447699159,0.00132920709439,0.00159302117009,-0.0108536379162,0.000832509861161
564127000000,642,564127000000,base_link,0.00450202915817,0.0227088872343,0.00092298880918,0.000771166276967,-0.00629258911342,-0.000465553381165
564163000000,643,564163000000,base_link,0.0040181283839,0.0222021173686,0.00116051826626,0.00374897170815,-0.0079648410717,-0.0010381077385
564195000000,644,564195000000,base_link,0.00359146622941,0.0224618371576,0.000901160528883,0.00379043755393,-7.74350766688e-05,0.00125983100404
564227000000,645,564227000000,base_link,0.0036935643293,0.0243356078863,0.000814358238131,0.00439873043838,-0.00300162883891,0.00388375956904
564263000000,646,564263000000,base_link,0.00331354676746,0.0253531690687,0.00205353554338,0.00344149806318,-0.00903969120663,-0.00411107215189
564294000000,647,564294000000,base_link,0.00277678854764,0.0263238064945,0.00283159688115,-0.00159380872406,-0.00476162549994,0.000207477978245
564327000000,648,564327000000,base_link,0.00247405236587,0.0260141622275,0.00225790822878,-2.10295536564e-06,-0.0069541823032,0.000745205957193
564363000000,649,564363000000,base_link,0.00214793928899,0.0258843079209,0.00272852717899,-0.00161680613304,-0.00846114352994,0.00368813887598
564395000000,650,564395000000,base_link,0.00304125761613,0.0262795072049,0.0043253256008,0.00443454569984,-0.00697323285899,0.00127681958693
564427000000,651,564427000000,base_link,0.00369767309166,0.0264454279095,0.0051643261686,0.00249795842685,0.00300201626163,0.0051130740521
564463000000,652,564463000000,base_link,0.0043471865356,0.0280879028141,0.00527582131326,0.000455145834656,-0.00267103287764,0.00257528288653
564495000000,653,564495000000,base_link,0.0016388228396,0.0274931807071,0.0273256115615,0.00549057085879,-0.0577036749132,-0.000614192757364
564527000000,654,564527000000,base_link,-0.00168746931013,0.0236988980323,0.103771775961,0.0620307753307,-0.14194287735,-0.00089688589853
564563000000,655,564563000000,base_link,-0.00178246910218,0.0228304043412,0.223816901445,0.226624067459,-0.327924177125,-0.00700218968424
564595000000,656,564595000000,base_link,-0.00687139574438,0.0197770036757,0.367087900639,0.170213259007,-0.274804326219,0.00264910769643
564627000000,657,564627000000,base_link,-0.0169778633863,0.0144691457972,0.508081912994,0.142128694492,-0.243077717983,-0.00190053110014
564663000000,658,564663000000,base_link,-0.0327874645591,0.00610634777695,0.669466733932,0.0834237976966,-0.149382000741,0.00250601260235
564695000000,659,564695000000,base_link,-0.0460490882397,-0.00115524802823,0.786791145802,0.0429545043376,-0.0529590533408,-0.00287007903948
564727000000,660,564727000000,base_link,-0.0604811273515,-0.0100959343836,0.901140570641,0.0151048357116,-0.00837027332931,0.0015489817507
564762000000,661,564763000000,base_link,-0.0757719427347,-0.0173175260425,1.02086293697,-0.0481602985531,0.0741123625483,-0.00225781942515
564795000000,662,564795000000,base_link,-0.0889980942011,-0.0254594180733,1.14239776134,-0.0657203549802,0.125822112962,-0.00461509020981
564827000000,663,564827000000,base_link,-0.101061098278,-0.0318923480809,1.26673734188,-0.0724372799083,0.149004108315,-0.000184906018625
564863000000,664,564863000000,base_link,-0.11412730813,-0.0381362363696,1.42283797264,-0.0904697183047,0.171772866422,-0.00197468589842
564895000000,665,564895000000,base_link,-0.121658094227,-0.0414238199592,1.54770541191,-0.0838657659575,0.172267646571,0.00502794799946
564927000000,666,564927000000,base_link,-0.126754954457,-0.0437342971563,1.67051017284,-0.0890499050853,0.15936095336,-0.00490960948
564963000000,667,564963000000,base_link,-0.128771722317,-0.0458410046995,1.79268503189,-0.0813957843921,0.15204828072,0.000345593518472
564995000000,668,564995000000,base_link,-0.129505842924,-0.0466097891331,1.90920007229,-0.0582101360848,0.125780465322,-0.00014018723749
565027000000,669,565027000000,base_link,-0.128879398108,-0.048072706908,1.97553241253,-0.0601944290549,0.11009276647,0.00354299559023
565063000000,670,565063000000,base_link,-0.130836114287,-0.0494848042727,1.95291566849,-0.0496064097795,0.0771782386165,-0.000396773106043
565095000000,671,565095000000,base_link,-0.133930623531,-0.0502584204078,1.87476933002,-0.0491010011617,0.0426074134007,0.00211457312817
565127000000,672,565127000000,base_link,-0.136570885777,-0.0514120087028,1.77420079708,-0.0451208485552,0.0475991462046,0.0040397742976
565163000000,673,565163000000,base_link,-0.138330891728,-0.0528435111046,1.67622387409,-0.0512108188622,0.0465231800325,0.000633728068167
565195000000,674,565195000000,base_link,-0.138512045145,-0.0545058809221,1.59483087063,-0.04019209648,0.0652989914382,-0.00370366434185
565227000000,675,565227000000,base_link,-0.137650921941,-0.0548442713916,1.52853369713,-0.0475961376754,0.0705641400763,0.00258464052023
565263000000,676,565263000000,base_link,-0.133879482746,-0.0556384846568,1.45881474018,-0.0492941223538,0.0585525346162,0.00225528080479
565295000000,677,565295000000,base_link,-0.130537644029,-0.0555609948933,1.40681123734,-0.0308919312321,0.0198882653448,-0.000729107525324
565327000000,678,565327000000,base_link,-0.126092448831,-0.054538410157,1.35561835766,-0.0209089772106,0.00697385248518,0.00184211619144
565363000000,679,565363000000,base_link,-0.122313886881,-0.0530478395522,1.30512952805,-0.0122365637718,-0.0237409950742,0.00299395918163
565395000000,680,565395000000,base_link,-0.117349147797,-0.051843393594,1.2571823597,-0.00894562639727,-0.0309863747009,0.00829737938298
565427000000,681,565427000000,base_link,-0.11404479295,-0.0518997274339,1.20915794373,-0.0128627301274,-0.0383841036117,0.00351316456317
565463000000,682,565463000000,base_link,-0.108648858964,-0.0510417930782,1.15197336674,-0.00807087063977,-0.0384736560483,0.0016265125917
565494000000,683,565494000000,base_link,-0.105037845671,-0.0490629374981,1.10949349403,-0.0162736767949,-0.0326753092956,-7.95767544374e-05
565527000000,684,565527000000,base_link,-0.100944645703,-0.0474569089711,1.06925332546,-0.0117844029003,-0.0358961263972,0.00583166143916
565563000000,685,565563000000,base_link,-0.0971096232533,-0.0454291626811,1.0321199894,-0.0121059269049,-0.0307171764136,-0.00509084917682
565595000000,686,565595000000,base_link,-0.0935342311859,-0.0428423136473,0.99669444561,-0.0110902838574,-0.0339663563861,-0.00167048263645
565627000000,687,565627000000,base_link,-0.0892577320337,-0.0412562377751,0.964051246643,-0.0167126238557,-0.0251444747199,0.00570829205698
565663000000,688,565663000000,base_link,-0.0852277725935,-0.0371489971876,0.924941301346,-0.006113613609,-0.0293443953279,-0.0028681326609
565695000000,689,565695000000,base_link,-0.0806846916676,-0.0337768383324,0.895684063435,-0.00188727462364,-0.0225195824529,-0.00113513001801
565727000000,690,565727000000,base_link,-0.0771915465593,-0.0307210758328,0.869488358498,0.00410632005895,-0.021777549136,0.000704977672076
565763000000,691,565763000000,base_link,-0.0732678025961,-0.0258764903992,0.836757719517,0.00240738991738,-0.0213283101917,-0.001680484445
565795000000,692,565795000000,base_link,-0.070192232728,-0.0232771448791,0.818862855434,0.0147850697549,-0.0278491749831,0.00299730682513
565827000000,693,565827000000,base_link,-0.0668833702803,-0.0200300049037,0.796743571758,0.00877286425124,-0.02007556713,0.00110437714446
565863000000,694,565863000000,base_link,-0.0628912970424,-0.0160098727793,0.770800411701,0.013300160625,-0.0215002663715,0.00372958085102
565895000000,695,565894000000,base_link,-0.0593247562647,-0.0139419157058,0.751488029957,0.0169165813395,-0.0183735362276,-0.00672211598552
565927000000,696,565927000000,base_link,-0.0557197406888,-0.0123091191053,0.730853199959,0.0102059446974,-0.0222209737013,9.83828016757e-05
565963000000,697,565963000000,base_link,-0.0534210242331,-0.00968397967517,0.713563203812,0.00481043787065,-0.0192259591697,0.000546583262667
565995000000,698,565995000000,base_link,-0.0507176704705,-0.00661850906909,0.697519123554,0.0157656195511,-0.0258293193308,0.00108490365368
566027000000,699,566027000000,base_link,-0.0482245832682,-0.00405629118904,0.681362211704,0.00137407844714,-0.014532683917,0.00193884895184
566063000000,700,566063000000,base_link,-0.0452804453671,-0.00172491802368,0.663132786751,0.00721123880525,-0.020133976637,-0.00403757514075
566094000000,701,566094000000,base_link,-0.0434216670692,9.01317398529e-05,0.648399174213,0.0149242726066,-0.0189023524921,0.00449475987996
566127000000,702,566127000000,base_link,-0.0406328178942,0.00269523425959,0.634527087212,0.00557738400393,-0.016503688334,0.00164949139982
566163000000,703,566163000000,base_link,-0.0385862663388,0.00565895065665,0.62115240097,0.0131956092289,-0.0147519018543,0.00011449765407
566195000000,704,566195000000,base_link,-0.0364573858678,0.00816183816642,0.608833730221,0.0157031654418,-0.0186862253444,0.00127267399988
566227000000,705,566227000000,base_link,-0.0342628583312,0.00983721017838,0.595418155193,0.0197291714079,-0.0136506071349,-0.00491417772066
566263000000,706,566263000000,base_link,-0.0316550992429,0.0110220089555,0.579071640968,0.0187803345335,-0.0172216693675,0.00197661847075
566295000000,707,566295000000,base_link,-0.0299388207495,0.0128770451993,0.567211747169,0.0132196562376,-0.0130852903681,0.00228622685554
566327000000,708,566327000000,base_link,-0.0291863977909,0.0154049135745,0.555638253689,0.00945885593537,-0.0198088792702,0.00409108236918
566363000000,709,566363000000,base_link,-0.0270993560553,0.0158181115985,0.543308198452,0.0106926214813,-0.0191471953618,0.0010859081022
566395000000,710,566395000000,base_link,-0.0255279764533,0.0171332750469,0.530828535557,0.0157250311595,-0.0148639327064,0.0104171927953
566427000000,711,566427000000,base_link,-0.0225796420127,0.0188522338867,0.520742952824,0.013543568088,-0.0142126785063,0.0021978040856
566463000000,712,566463000000,base_link,-0.0202439129353,0.0197284873575,0.507368683815,0.0125084783534,-0.0191381422525,-0.00102101608036
566495000000,713,566495000000,base_link,-0.0175990406424,0.0219996590167,0.497284293175,0.0138835096424,-0.0227191433308,0.00200997032527
566527000000,714,566527000000,base_link,-0.0150082949549,0.0235263034701,0.486676067114,0.015659376128,-0.0194739909851,0.00129761114372
566563000000,715,566563000000,base_link,-0.0129245528951,0.0241713151336,0.475027412176,0.0181412287015,-0.0288422132738,0.00205681115838
566595000000,716,566595000000,base_link,-0.0112951453775,0.0248590260744,0.463555127382,0.0184736141416,-0.0284945417428,0.0011390368589
566627000000,717,566627000000,base_link,-0.00989290419966,0.0249558389187,0.452308744192,0.0175796822866,-0.0272700497511,0.00103016669784
566663000000,718,566663000000,base_link,-0.0126273995265,0.023828573525,0.313064157963,0.089341041202,-0.00731161631342,0.00551526243087
566695000000,719,566695000000,base_link,-0.0153521848843,0.0208240225911,0.155849680305,0.231777964394,0.0676656965383,0.0356686254289
566727000000,720,566727000000,base_link,-0.0161205939949,0.0177260544151,0.0416041724384,0.266578839737,0.153318650545,0.0484827406916
566763000000,721,566763000000,base_link,-0.0124616445974,0.0111526912078,-0.00538256205618,0.245896832624,0.345320637497,0.079134551502
566795000000,722,566794000000,base_link,-0.00325734098442,0.00351395714097,-0.00237449654378,0.177031772224,0.497843645139,0.0855280521952
566827000000,723,566827000000,base_link,0.0115126911551,-0.00671036913991,0.020623922348,0.150196399723,0.548645437013,0.0585579535767
566863000000,724,566863000000,base_link,0.0367505885661,-0.0210055708885,0.0439003929496,0.069554939236,0.474039993713,-0.00563175678984
566895000000,725,566895000000,base_link,0.0621792562306,-0.0323506183922,0.0533682517707,-0.0516060078186,0.481370757266,-0.0300510674831
566927000000,726,566927000000,base_link,0.091571457684,-0.0424324683845,0.0532176867127,-0.0996480242142,0.499895309083,-0.0191909056542
566963000000,727,566963000000,base_link,0.134357839823,-0.054749019444,0.0437453947961,-0.115519720112,0.403290487596,-0.00971419207771
566995000000,728,566995000000,base_link,0.16423329711,-0.0602395161986,0.0344888083637,-0.169651243182,0.401422270983,0.0120230916199
567027000000,729,567027000000,base_link,0.206831216812,-0.0658467486501,0.0222981814295,-0.203274784472,0.398336889493,0.0211960237023
567063000000,730,567063000000,base_link,0.26641869545,-0.0705140009522,0.0180223789066,-0.228454467739,0.273570393254,0.0306949113659
567095000000,731,567095000000,base_link,0.321051746607,-0.0710261836648,0.0270869713277,-0.429319038601,0.300775379287,0.0817390596622
567127000000,732,567127000000,base_link,0.377680659294,-0.0665904134512,0.0287199895829,-0.490603164661,0.285195180294,0.0994498059145
567163000000,733,567163000000,base_link,0.435029268265,-0.0573938339949,0.0175976268947,-0.566533441988,0.277634561973,0.114617829241
567195000000,734,567195000000,base_link,0.496226757765,-0.04294577986,0.00556862121448,-0.50257427516,0.259754129329,0.114777563534
567227000000,735,567227000000,base_link,0.557745456696,-0.0223768241704,-0.00578699912876,-0.404834667901,0.257487397472,0.0937370433179
567263000000,736,567263000000,base_link,0.63961815834,0.00721271289513,-0.0191073678434,-0.198904187277,0.325895642983,0.0461577703728
567295000000,737,567295000000,base_link,0.711563646793,0.0315485447645,-0.0248517487198,0.00374906113097,0.297522128212,0.00995431347114
567327000000,738,567327000000,base_link,0.782494723797,0.0570003651083,-0.0318569689989,0.0895975494613,0.284642055518,-0.00838859785009
567363000000,739,567363000000,base_link,0.858242273331,0.0807625353336,-0.0390380658209,0.164726828126,0.329308806353,-0.0356524035831
567395000000,740,567395000000,base_link,0.936907529831,0.103134103119,-0.0443003512919,0.211932125437,0.269781826369,-0.0572747812958
567427000000,741,567427000000,base_link,1.0154800415,0.122913986444,-0.0531678088009,0.225595337431,0.248999870342,-0.0659534372439
567463000000,742,567463000000,base_link,1.11756682396,0.144560873508,-0.0664091780782,0.204803639133,0.192338899814,-0.0635256446876
567495000000,743,567495000000,base_link,1.2047958374,0.160319253802,-0.0616116076708,0.257395786894,0.182423336198,-0.0887383320032
567527000000,744,567527000000,base_link,1.28836643696,0.172088772058,-0.0608644224703,0.374559900488,0.203028024026,-0.124463470026
567563000000,745,567563000000,base_link,1.37602639198,0.178147688508,-0.0662511885166,0.52260902513,0.153782947312,-0.178203628313
567595000000,746,567595000000,base_link,1.46341824532,0.179533809423,-0.0656932368875,0.654708596079,0.130114369635,-0.229794382414
567627000000,747,567627000000,base_link,1.54916083813,0.172657191753,-0.0648717433214,0.677408429068,0.0996127649731,-0.236134827371
567663000000,748,567663000000,base_link,1.65472555161,0.155836924911,-0.0719267129898,0.572488543857,-0.0567795547935,-0.22334620953
567695000000,749,567695000000,base_link,1.73452341557,0.136064499617,-0.0917458236217,0.412313542124,-0.0730368546687,-0.182760009859
567727000000,750,567727000000,base_link,1.80776464939,0.113304957747,-0.115511476994,0.265038030742,-0.0638097508409,-0.144026230688
567763000000,751,567763000000,base_link,1.88129639626,0.0875309705734,-0.130483850837,-0.0195249231843,-0.112121739489,-0.0628657663029
567795000000,752,567795000000,base_link,1.95698654652,0.0624999031425,-0.136205390096,-0.39808441853,-0.0236836999002,0.0699585949081
567827000000,753,567827000000,base_link,2.03058505058,0.0403768084943,-0.138112157583,-0.503825465315,-0.0112002275637,0.106568971189
567863000000,754,567863000000,base_link,2.12102556229,0.0224387329072,-0.12728343904,-0.603875272704,-0.0659529535425,0.153075582829
567895000000,755,567895000000,base_link,2.19290494919,0.0153663279489,-0.116688318551,-0.675543852527,-0.0749858010089,0.193451666336
567927000000,756,567927000000,base_link,2.26023483276,0.0144011611119,-0.101713769138,-0.724617185751,-0.0362570577313,0.217877504085
567963000000,757,567963000000,base_link,2.32941699028,0.0233821105212,-0.0844953358173,-0.846334706467,0.107261418999,0.274228361324
567995000000,758,567995000000,base_link,2.40084505081,0.0413072966039,-0.0706095695496,-0.779710690411,0.157249447452,0.255509550132
568027000000,759,568027000000,base_link,2.47073364258,0.0677982345223,-0.0667292252183,-0.719132315339,0.156318445008,0.229002461724
568063000000,760,568063000000,base_link,2.55418968201,0.107292622328,-0.077499113977,-0.492575526282,0.0607062094247,0.138363815162
568095000000,761,568095000000,base_link,2.6176803112,0.142838969827,-0.0972264483571,-0.346320299545,0.0326926714628,0.0972642187299
568127000000,762,568127000000,base_link,2.67921614647,0.179167449474,-0.123339086771,-0.231115235302,0.045770644367,0.0939032931323
568163000000,763,568163000000,base_link,2.74380707741,0.21876655519,-0.138990312815,0.0442615676439,-0.0043005068322,0.0757363264319
568195000000,764,568195000000,base_link,2.81411957741,0.259249746799,-0.136749759316,0.436993546246,0.0806414607451,-0.0234608816965
568227000000,765,568227000000,base_link,2.88582324982,0.295257508755,-0.130204230547,0.582422540847,0.0953109487647,-0.0539985280076
568263000000,766,568263000000,base_link,2.97571086884,0.330874085426,-0.123093299568,0.704460522726,0.022424113341,-0.0750763026805
568295000000,767,568295000000,base_link,3.04213285446,0.34987026453,-0.129196673632,0.729218524352,0.0468064476374,-0.108915126097
568327000000,768,568327000000,base_link,3.10577940941,0.360298991203,-0.143328800797,0.63582646547,0.0482053252055,-0.101603130498
568363000000,769,568363000000,base_link,3.17075610161,0.368353664875,-0.155152350664,0.257434293614,0.101346255095,-0.0397055477495
568395000000,770,568395000000,base_link,3.23873448372,0.375493884087,-0.159062057734,-0.183111530101,0.218911572365,0.0619116097023
568427000000,771,568427000000,base_link,3.30911278725,0.383156716824,-0.16259200871,-0.280848135365,0.223419671281,0.0899654045966
568463000000,772,568463000000,base_link,3.40059518814,0.399336516857,-0.160412535071,-0.395186486804,0.142148329628,0.123865326532
568495000000,773,568495000000,base_link,3.47523069382,0.417056590319,-0.154034897685,-0.447792984551,0.0567045772155,0.150826357301
568527000000,774,568527000000,base_link,3.54917192459,0.441100567579,-0.147837072611,-0.470613081726,0.043094673098,0.172311304606
568563000000,775,568563000000,base_link,3.62453746796,0.469797760248,-0.139814272523,-0.458588123646,-0.00134383378004,0.184313555683
568595000000,776,568595000000,base_link,3.69840478897,0.503879845142,-0.132290109992,-0.41203563565,-0.0305139340979,0.181000027591
568627000000,777,568627000000,base_link,3.77049446106,0.541831612587,-0.129108458757,-0.400332140031,-0.0400785069468,0.184958211588
568663000000,778,568663000000,base_link,3.85404086113,0.592669188976,-0.137133345008,-0.262834156198,-0.115332328177,0.150937965601
568695000000,779,568695000000,base_link,3.91471362114,0.636450171471,-0.148036509752,-0.250099899401,-0.0753768883579,0.146945335986
568727000000,780,568727000000,base_link,3.97553038597,0.682694554329,-0.159312427044,-0.293662862972,0.0127199498122,0.1461824273
568763000000,781,568763000000,base_link,4.03844356537,0.73220962286,-0.165467321873,-0.266831477858,0.125720840908,0.124856841841
568795000000,782,568795000000,base_link,4.10436010361,0.78659427166,-0.164393663406,0.114045322476,0.230261229512,-0.0236507275102
568827000000,783,568827000000,base_link,4.17120981216,0.837507247925,-0.165381103754,0.297603375971,0.240687251664,-0.0910050486187
568863000000,784,568863000000,base_link,4.25957870483,0.894957125187,-0.160477742553,0.513120779751,0.152412870717,-0.167794010053
568895000000,785,568895000000,base_link,4.3320889473,0.934663295746,-0.147886350751,0.767058391853,0.167649768235,-0.281592848374
568927000000,786,568927000000,base_link,4.40531349182,0.963690459728,-0.138349324465,0.837364924928,0.128946679437,-0.3192075779
568963000000,787,568963000000,base_link,4.47896289825,0.982318162918,-0.130067706108,0.932156670431,0.12879607169,-0.387935440829
568995000000,788,568995000000,base_link,4.5510802269,0.988834321499,-0.133049815893,1.0218969018,0.189816372548,-0.45037168811
569027000000,789,569027000000,base_link,4.62139081955,0.984537184238,-0.14718799293,0.972987688086,0.170944061332,-0.451709733093
569063000000,790,569063000000,base_link,4.70241641998,0.965587854385,-0.186399921775,0.669297277229,0.0710726146484,-0.368475937368
569095000000,791,569095000000,base_link,4.769926548,0.942959487438,-0.209705621004,0.310459426927,0.0104219065584,-0.249504787909
569127000000,792,569127000000,base_link,4.84631490707,0.914348065853,-0.208411365747,0.219783883752,0.0328430500417,-0.21921460981
569163000000,793,569163000000,base_link,4.91987514496,0.885921478271,-0.209177091718,-0.0158531819812,0.0343211852353,-0.123431667057
569195000000,794,569195000000,base_link,4.99349975586,0.858349204063,-0.216162264347,-0.313240379291,0.0108801651836,0.0115192892947
569227000000,795,569227000000,base_link,5.07117080688,0.832568824291,-0.210197895765,-0.477852807633,0.0360420071654,0.0847852845028
569263000000,796,569263000000,base_link,5.16893529892,0.80955016613,-0.196245700121,-0.676292368532,0.0676176519189,0.192485185116
569295000000,797,569295000000,base_link,5.24470043182,0.799164175987,-0.188571900129,-0.445026803958,0.0776286019983,0.143906750835
569327000000,798,569327000000,base_link,5.31660985947,0.792428553104,-0.190963163972,-0.286546104659,0.070424993814,0.0950191072376
569363000000,799,569363000000,base_link,5.38647460938,0.788067221642,-0.198879495263,-0.0655666637853,-0.00510197398607,0.0357158307808
569395000000,800,569395000000,base_link,5.45940542221,0.782415211201,-0.203114420176,0.208191492419,0.0223131086003,-0.0628151589513
569427000000,801,569427000000,base_link,5.53209018707,0.775460660458,-0.205463737249,0.303064377887,0.0322724234505,-0.0979478737096
569463000000,802,569463000000,base_link,5.62037611008,0.761469423771,-0.21081225574,0.353129389947,-0.0248791545635,-0.123944495369
569495000000,803,569495000000,base_link,5.6898059845,0.744901299477,-0.211552798748,0.487727821647,0.0146132239286,-0.19483308646
569527000000,804,569527000000,base_link,5.75809288025,0.722812592983,-0.213250488043,0.507951399743,0.0308037189736,-0.212626661608
569563000000,805,569563000000,base_link,5.82727193832,0.69502466917,-0.214162036777,0.458019342492,0.0794422785906,-0.213184660667
569595000000,806,569595000000,base_link,5.89299154282,0.66363632679,-0.217754349113,0.179993962409,0.119377829769,-0.118634828803
569627000000,807,569627000000,base_link,5.96027183533,0.62950605154,-0.22026643157,-0.00968516853488,0.136632240457,-0.0444182975899
569663000000,808,569663000000,base_link,6.05063199997,0.590050578117,-0.21422688663,-0.444296421952,0.23262175768,0.122345310752
569695000000,809,569695000000,base_link,6.122569561,0.565005838871,-0.209225922823,-0.683499309184,0.247261247252,0.242102548284
569727000000,810,569727000000,base_link,6.19891786575,0.547781765461,-0.207105353475,-0.748500693632,0.22403412125,0.281620337008
569763000000,811,569763000000,base_link,6.27710723877,0.539717376232,-0.203393474221,-0.656221069593,0.14419652789,0.277598216221
569795000000,812,569795000000,base_link,6.35177373886,0.537860035896,-0.206228479743,-0.372007407406,-0.0125549819698,0.19315543526
569827000000,813,569827000000,base_link,6.42135763168,0.540682733059,-0.220512390137,-0.16130081298,-0.172401492333,0.108799960147
569863000000,814,569863000000,base_link,6.49884271622,0.543179273605,-0.247827082872,0.190968174122,-0.503605661351,-0.0501411073361
569895000000,815,569895000000,base_link,6.55329465866,0.541916906834,-0.272959947586,0.442920313482,-0.787413185859,-0.14500208167
569927000000,816,569927000000,base_link,6.59841632843,0.536219060421,-0.293709516525,0.492757237506,-0.873778047653,-0.138942783132
569963000000,817,569963000000,base_link,6.63774204254,0.524661123753,-0.301403671503,0.499463479862,-0.853336104218,-0.0879682418395
569995000000,818,569995000000,base_link,6.67141437531,0.509433984756,-0.300757467747,0.518747936191,-0.551366557393,-0.0661838595444
570027000000,819,570027000000,base_link,6.6983923912,0.488089263439,-0.300519734621,0.471910095914,-0.386388810269,-0.0455339305394
570063000000,820,570063000000,base_link,6.72811174393,0.456130445004,-0.296782523394,0.303562737302,-0.189132704556,0.00411973411884
570095000000,821,570095000000,base_link,6.74561548233,0.428684920073,-0.297185957432,0.052016273387,-0.0824417426041,0.0582560856208
570127000000,822,570127000000,base_link,6.76097679138,0.401784390211,-0.30212020874,-0.0195810381315,-0.0949935761447,0.057846828498
570163000000,823,570163000000,base_link,6.78218078613,0.3752143085,-0.278385728598,-0.127082255145,-0.0883232963395,0.0636988816539
570195000000,824,570195000000,base_link,6.8018913269,0.349112719297,-0.24336785078,-0.183626512376,-0.0102865487321,0.066781047778
570227000000,825,570227000000,base_link,6.81979894638,0.326805919409,-0.21918964386,-0.192105858473,-0.0504295655277,0.0671115731694
570263000000,826,570263000000,base_link,6.84027385712,0.302237212658,-0.197432145476,-0.200614007096,-0.120889089341,0.067516551339
570295000000,827,570295000000,base_link,6.8476266861,0.284394860268,-0.189419776201,-0.209771963554,-0.115519617404,0.0762183539221
570327000000,828,570327000000,base_link,6.85229921341,0.269394606352,-0.188614323735,-0.195521484908,-0.147388294646,0.0701525684915
570363000000,829,570363000000,base_link,6.8553609848,0.257345557213,-0.185777753592,-0.18020943341,-0.136900818906,0.0693969023641
570395000000,830,570395000000,base_link,6.85640001297,0.246972113848,-0.184484645724,-0.184334365971,-0.0678146082393,0.075591104054
570427000000,831,570427000000,base_link,6.85649681091,0.237750649452,-0.187131285667,-0.174554759195,-0.0768337610526,0.0670570709043
570463000000,832,570463000000,base_link,6.85697650909,0.231246933341,-0.185380518436,-0.122966976984,-0.0903523070483,0.0621480151835
570495000000,833,570495000000,base_link,6.85267353058,0.226594895124,-0.182098165154,-0.111994503047,-0.0189400957217,0.055684607862
570527000000,834,570527000000,base_link,6.84714698792,0.223127186298,-0.182879313827,-0.0985478378486,-0.0267669370608,0.0558031230249
570563000000,835,570563000000,base_link,6.8436961174,0.220773354173,-0.177989304066,-0.0690140179122,-0.0106962052832,0.039993450709
570595000000,836,570595000000,base_link,6.83923006058,0.220123052597,-0.170982465148,-0.0715742757394,0.06157653316,0.0398170179482
570627000000,837,570627000000,base_link,6.83774852753,0.220503821969,-0.165766954422,-0.0602952779559,0.0504283431515,0.031963555003
570663000000,838,570663000000,base_link,6.83592557907,0.222217187285,-0.160224676132,-0.0474149705373,0.0496332345473,0.0332547916406
570695000000,839,570695000000,base_link,6.83275651932,0.224018380046,-0.155698433518,-0.0457461930495,0.0672721891156,0.0280667085143
570727000000,840,570727000000,base_link,6.83091402054,0.225091099739,-0.156534835696,-0.0273816394003,0.0574957079545,0.0225245783496
570763000000,841,570763000000,base_link,6.82892942429,0.227325662971,-0.15457713604,-0.0278803670172,0.0489986878157,0.017728311935
570795000000,842,570795000000,base_link,6.82941150665,0.229194164276,-0.152998536825,-0.0410013990396,0.113607318799,0.0178059127142
570827000000,843,570827000000,base_link,6.83045482635,0.234118834138,-0.152253836393,-0.035688967505,0.0799177378354,0.0109178784371
570863000000,844,570863000000,base_link,6.83453798294,0.237942665815,-0.15178398788,-0.0378185307957,0.046525960971,0.0118348697614
570895000000,845,570895000000,base_link,6.83607292175,0.242233261466,-0.152705639601,-0.037740538458,0.0739850426803,0.0162640845695
570927000000,846,570927000000,base_link,6.8390917778,0.247392907739,-0.154795795679,-0.0248217534598,0.0296725062053,0.0142723886586
570963000000,847,570963000000,base_link,6.84483480453,0.252105891705,-0.154704466462,-0.0178737558134,0.00811078635117,0.00881968811652
570995000000,848,570995000000,base_link,6.85247945786,0.257004141808,-0.154919415712,-0.012689341441,0.0207888510505,0.00215375653996
571027000000,849,571027000000,base_link,6.86087274551,0.261683821678,-0.157436221838,-0.00441096438034,-0.021657871213,0.00721877152997
571063000000,850,571063000000,base_link,6.8715338707,0.267681628466,-0.160505831242,0.00967968704018,-0.0852582254468,-0.000412174764651
571094000000,851,571095000000,base_link,6.87556362152,0.271883845329,-0.164082691073,-0.00316214026799,-0.0730930195794,0.00602622657822
571127000000,852,571127000000,base_link,6.87961244583,0.278296083212,-0.16529430449,-0.0136689941105,-0.064553637504,0.00925707328594
571163000000,853,571163000000,base_link,6.88414239883,0.2839589715,-0.167384833097,-0.0257315039742,0.000693439324312,0.00608869073064
571195000000,854,571195000000,base_link,6.8860912323,0.289465874434,-0.168632984161,-0.0221785725593,-0.0115888436701,0.00179019977417
571227000000,855,571227000000,base_link,6.8875207901,0.296621769667,-0.170163825154,-0.0211474029826,-0.0654613065427,-0.00099975692076
571263000000,856,571263000000,base_link,6.88911533356,0.30429443717,-0.166764810681,-0.0167255475636,-0.0194365114948,0.00424752266647
571295000000,857,571295000000,base_link,6.89222002029,0.311173468828,-0.163603037596,-0.0187074782571,-0.0229062926835,0.00764554308171
571327000000,858,571327000000,base_link,6.89450407028,0.317208945751,-0.161944299936,-0.00663867961856,-0.0538214996002,0.00552135269817
571363000000,859,571363000000,base_link,6.89784097672,0.327066123486,-0.158654764295,0.00314650912229,-0.0626051187704,0.00278401501691
571395000000,860,571395000000,base_link,6.90335559845,0.332727640867,-0.157726228237,0.0035806927524,0.0143094876294,-0.00759571487669
571427000000,861,571427000000,base_link,6.9102640152,0.339022964239,-0.156822144985,0.0731649845028,-0.0178396824689,-0.00927570287237
571463000000,862,571463000000,base_link,6.91923618317,0.346494168043,-0.153973922133,0.227993181937,-0.0511269232659,-0.0455038162989
571495000000,863,571495000000,base_link,6.92480134964,0.347612053156,-0.150668695569,0.374807066202,-0.0112708870937,-0.0795106529991
571527000000,864,571527000000,base_link,6.93076133728,0.344472110271,-0.147506892681,0.443469968077,-0.0298780886975,-0.097963067968
571563000000,865,571563000000,base_link,6.93604230881,0.336385756731,-0.143073812127,0.471606432145,-0.00689923166333,-0.119346084713
571595000000,866,571595000000,base_link,6.94510793686,0.325477570295,-0.141405150294,0.348058614546,-0.00888110427458,-0.105760391761
571627000000,867,571627000000,base_link,6.95260715485,0.310793548822,-0.144717022777,0.282820090109,-0.0534006638574,-0.101358035538
571663000000,868,571663000000,base_link,6.95909643173,0.287620157003,-0.148942351341,0.112356446308,-0.152436913305,-0.0774832688858
571695000000,869,571695000000,base_link,6.96111440659,0.268746614456,-0.148572921753,-0.0291922058515,-0.163000798663,-0.0408402160883
571727000000,870,571727000000,base_link,6.96229219437,0.252680301666,-0.142260953784,-0.130589106059,-0.152872454893,-0.0176087850164
571763000000,871,571763000000,base_link,6.96271705627,0.237782463431,-0.135853677988,-0.333648951541,-0.0607280623367,0.0388175870346
571795000000,872,571795000000,base_link,6.96408891678,0.227225765586,-0.131873518229,-0.567482885466,-0.0319063006066,0.0894416959614
571827000000,873,571827000000,base_link,6.96531105042,0.222644224763,-0.130505636334,-0.627929314787,-0.0616947515644,0.111917529609
571863000000,874,571863000000,base_link,6.96477794647,0.225470170379,-0.120777666569,-0.62684915241,-0.0696558158887,0.131145271789
571895000000,875,571895000000,base_link,6.96270513535,0.236505120993,-0.106993310153,-0.666104252777,-0.0308018850818,0.154274972063
571927000000,876,571927000000,base_link,6.96014404297,0.253864437342,-0.0988184809685,-0.662015802276,-0.0378311108869,0.165326718604
571963000000,877,571963000000,base_link,6.95503854752,0.276770442724,-0.0968122184277,-0.452253252053,-0.0262169048527,0.135605156143
571995000000,878,571995000000,base_link,6.95293569565,0.30271756649,-0.103339999914,-0.0789349842159,0.0873948949361,0.0747875140518
572027000000,879,572027000000,base_link,6.95104694366,0.328868120909,-0.118482150137,0.0953262007681,0.0747085423726,0.035356852501
572063000000,880,572063000000,base_link,6.94943571091,0.358133375645,-0.121333301067,0.408324821869,0.0683973586306,-0.0339285949799
572095000000,881,572095000000,base_link,6.94768810272,0.378268390894,-0.114327631891,0.598007840434,0.114080950819,-0.0903197390131
572127000000,882,572127000000,base_link,6.9481215477,0.390649974346,-0.107778355479,0.666842195279,0.0740831379078,-0.115066865288
572163000000,883,572163000000,base_link,6.94957971573,0.396129190922,-0.0959232896566,0.740708098334,0.0750725710244,-0.154285676347
572195000000,884,572195000000,base_link,6.95372104645,0.393174946308,-0.0840959101915,0.73477439129,0.0830185474908,-0.188642614642
572227000000,885,572227000000,base_link,6.95759773254,0.382774204016,-0.0765912532806,0.715968950142,0.039913636978,-0.20277674932
572263000000,886,572263000000,base_link,6.96126413345,0.360440313816,-0.073282264173,0.574192159692,-0.0434603247163,-0.179929844222
572295000000,887,572295000000,base_link,6.96175193787,0.336914211512,-0.0744795426726,0.521842764105,-0.0196780019399,-0.181894786115
572327000000,888,572327000000,base_link,6.96265029907,0.308163553476,-0.0797591358423,0.544003221508,-0.0179412224154,-0.18799322931
572363000000,889,572363000000,base_link,6.96173191071,0.274071186781,-0.0866705998778,0.528805069348,0.0393621080197,-0.181642020483
572395000000,890,572394000000,base_link,6.96432828903,0.233659252524,-0.0901274904609,0.52554500102,0.0231122185397,-0.180244043801
572427000000,891,572427000000,base_link,6.96849679947,0.187631309032,-0.0917305573821,0.49328436461,-0.0153475455274,-0.17682361711
572463000000,892,572463000000,base_link,6.97327566147,0.124413564801,-0.0909156799316,0.336599761451,-0.0456475717447,-0.142775010031
572495000000,893,572495000000,base_link,6.97470188141,0.0703256353736,-0.0925281718373,0.296946932723,-0.0388426912008,-0.138850851483
572527000000,894,572527000000,base_link,6.97433423996,0.0130960075185,-0.0948095843196,0.26541725903,-0.064931130686,-0.133594367926
572563000000,895,572563000000,base_link,6.97311639786,-0.0450105369091,-0.0976850911975,0.134011442513,-0.0534433951716,-0.0932465190299
572595000000,896,572595000000,base_link,6.96858739853,-0.105351932347,-0.10148435086,0.138439636414,-0.0231113384329,-0.0827733810319
572627000000,897,572627000000,base_link,6.96521043777,-0.166458174586,-0.095970928669,0.125628158356,-0.0275019637563,-0.0754164712619
572663000000,898,572663000000,base_link,6.96269750595,-0.245046719909,-0.0770466998219,-0.222697306459,0.0788799762451,0.0221144221184
572695000000,899,572695000000,base_link,6.96483945847,-0.303504705429,-0.0690961033106,-0.55232474511,0.128493021109,0.10566125581
572727000000,900,572727000000,base_link,6.96817827225,-0.354677498341,-0.0629411190748,-0.704733459142,0.0906135021775,0.133377688703
572763000000,901,572763000000,base_link,6.97101020813,-0.396261304617,-0.0553297661245,-0.989284869802,0.0936612561496,0.221423338683
572795000000,902,572795000000,base_link,6.97906970978,-0.425877809525,-0.0465995445848,-1.10867667673,0.0548564238207,0.282533160458
572827000000,903,572827000000,base_link,6.98602390289,-0.442380219698,-0.0404560640454,-1.0778914893,0.00565846100794,0.287647145611
572863000000,904,572863000000,base_link,6.99279785156,-0.448578625917,-0.0481873936951,-0.907294687626,-0.104616592602,0.267195124032
572895000000,905,572895000000,base_link,6.99339294434,-0.445514321327,-0.0813794955611,-0.503001160907,-0.131025700476,0.205206414058
572927000000,906,572927000000,base_link,6.99117994308,-0.436449229717,-0.118884690106,-0.276655209399,-0.154539723193,0.167492572729
572963000000,907,572963000000,base_link,6.98914194107,-0.426718890667,-0.13867983222,0.0916338284714,-0.14492247837,0.108911382815
572995000000,908,572995000000,base_link,6.99077701569,-0.417347848415,-0.144275397062,0.436891039774,-0.0390126211704,0.0077461615351
573027000000,909,573027000000,base_link,6.9923324585,-0.413812071085,-0.145509511232,0.546854054749,-0.0528402503554,-0.0354474964417
573063000000,910,573063000000,base_link,6.99586439133,-0.416223973036,-0.127055823803,0.604406917475,-0.0301173567763,-0.0712673080147
573095000000,911,573095000000,base_link,6.99743127823,-0.427253693342,-0.101172938943,0.695437233524,0.0205581111594,-0.127732015237
573127000000,912,573127000000,base_link,6.99882602692,-0.444203168154,-0.0841257497668,0.682463792243,0.00170424932194,-0.137410886146
573163000000,913,573163000000,base_link,6.99865579605,-0.466382473707,-0.0770643651485,0.4878563593,-0.0137545060757,-0.127818850734
573195000000,914,573195000000,base_link,6.99232673645,-0.492599397898,-0.0821783021092,0.051286555618,-0.0223895785922,-0.061989299992
573227000000,915,573227000000,base_link,6.98621511459,-0.518432319164,-0.0872772559524,-0.15467897351,-0.0315829964408,-0.0252119504963
573263000000,916,573263000000,base_link,6.9785861969,-0.545833051205,-0.0833556577563,-0.524477337093,0.0609529935186,0.0549766735019
573295000000,917,573294000000,base_link,6.97624492645,-0.560563266277,-0.07637668401,-0.730713904791,0.114007621973,0.126409499857
573327000000,918,573327000000,base_link,6.97551727295,-0.567887127399,-0.0725104063749,-0.775760715999,0.0744883661433,0.141996836228
573363000000,919,573363000000,base_link,6.97585582733,-0.563797235489,-0.0568994246423,-0.796804158081,0.0711359496644,0.169178877815
573395000000,920,573395000000,base_link,6.97537231445,-0.554128706455,-0.0458836816251,-0.730854354491,0.073830302553,0.196790566564
573427000000,921,573427000000,base_link,6.9745554924,-0.535267710686,-0.0369200482965,-0.700806356459,0.0177175278345,0.193855531741
573463000000,922,573463000000,base_link,6.97217845917,-0.504039824009,-0.0329539328814,-0.523944398457,-0.0404998718886,0.173661743428
573495000000,923,573495000000,base_link,6.97420120239,-0.473509073257,-0.0311288367957,-0.456142259578,-0.00141887425696,0.167077029654
573527000000,924,573527000000,base_link,6.97407627106,-0.437916249037,-0.0400340110064,-0.45721165621,0.0152658032332,0.168132817589
573563000000,925,573563000000,base_link,6.97507429123,-0.399583905935,-0.0522178560495,-0.414919158629,0.0699175019229,0.144348535681
573595000000,926,573595000000,base_link,6.98047685623,-0.356837898493,-0.0635189935565,-0.0352180414021,0.0684550725655,0.0797402262545
573627000000,927,573627000000,base_link,6.98631477356,-0.314138412476,-0.0753181278706,0.157508997881,0.0131637603476,0.0431754959716
573663000000,928,573663000000,base_link,6.99354124069,-0.26376080513,-0.0799624323845,0.418565241162,-0.0386360302327,-0.0199417826051
573694000000,929,573694000000,base_link,6.99965190887,-0.2276250422,-0.0781930163503,0.692099272385,-0.0242549699046,-0.111077534375
573727000000,930,573727000000,base_link,7.00598621368,-0.198614776134,-0.073945209384,0.775016832064,-0.0503887993721,-0.132245143942
573763000000,931,573763000000,base_link,7.01123142242,-0.179944872856,-0.0675806030631,0.813784108009,-0.0483138624337,-0.178794107099
573795000000,932,573795000000,base_link,7.01943826675,-0.167960494757,-0.0635518953204,0.851970037669,-0.048983751204,-0.212996227623
573827000000,933,573827000000,base_link,7.02693319321,-0.166067048907,-0.0626051798463,0.819510450703,-0.0764477679193,-0.219216431579
573863000000,934,573863000000,base_link,7.03340291977,-0.173970147967,-0.063350751996,0.616981702401,-0.0744111957726,-0.194592714662
573894000000,935,573894000000,base_link,7.03658103943,-0.187159523368,-0.0649445280433,0.338394654452,-0.0334508331519,-0.149227241024
573927000000,936,573927000000,base_link,7.03740930557,-0.203164115548,-0.0687584131956,0.195090844179,-0.0600251195355,-0.12972866832
573963000000,937,573963000000,base_link,7.03748559952,-0.220872461796,-0.0691604465246,-0.0398070584447,-0.0532900501079,-0.0815432069712
573995000000,938,573995000000,base_link,7.03361940384,-0.235706999898,-0.0684902369976,-0.185320777603,-0.014011013349,-0.0348190806279
574027000000,939,574027000000,base_link,7.02959823608,-0.249917343259,-0.067017711699,-0.227368019439,-0.0132509584729,-0.0199228489846
574063000000,940,574063000000,base_link,7.02458429337,-0.265434920788,-0.0655110999942,-0.187982346878,0.0465774811649,-0.00129668314667
574095000000,941,574095000000,base_link,7.02290725708,-0.273198664188,-0.063735589385,-0.184424764014,0.0578270316433,0.0113977992804
574127000000,942,574127000000,base_link,7.02140665054,-0.279877275229,-0.0658685490489,-0.194917851911,0.00736370155242,0.0216642808181
574163000000,943,574163000000,base_link,7.02085733414,-0.285617798567,-0.0650005415082,-0.166902738004,-0.0380192368432,0.024315679575
574195000000,944,574195000000,base_link,7.02360010147,-0.28910857439,-0.0616274699569,-0.11829302566,-0.0032765808745,0.0320380115725
574227000000,945,574227000000,base_link,7.02624130249,-0.290272146463,-0.060980618,-0.106773290751,-0.0216393841777,0.0287075696836
574263000000,946,574263000000,base_link,7.02773571014,-0.293444901705,-0.0572860464454,-0.0775787257088,-0.034692136223,0.026270141893
574295000000,947,574295000000,base_link,7.02772665024,-0.294386655092,-0.0572390109301,-0.117220108034,-0.0171896867935,0.0307883097187
574327000000,948,574327000000,base_link,7.02622556686,-0.293913424015,-0.0568977035582,-0.151066869565,-0.0332676852367,0.0397152040029
574363000000,949,574363000000,base_link,7.02590084076,-0.291149944067,-0.0538753531873,-0.207432093099,0.0372016697677,0.0478909298188
574395000000,950,574395000000,base_link,7.02891683578,-0.28633749485,-0.0516463927925,-0.281068418981,0.0850447642739,0.0684857093577
574427000000,951,574427000000,base_link,7.03287220001,-0.27864715457,-0.0524716004729,-0.323044001682,0.0315566958453,0.0809620089406
574463000000,952,574463000000,base_link,7.03870820999,-0.265000879765,-0.0491600558162,-0.390415142755,-0.01582704335,0.0984245711928
574495000000,953,574495000000,base_link,7.04018354416,-0.246795937419,-0.0456799790263,-0.423593757049,-0.00763510065792,0.104289676353
574527000000,954,574527000000,base_link,7.04103565216,-0.225516423583,-0.0455559417605,-0.437890921389,-0.0426495646566,0.124840499273
574563000000,955,574563000000,base_link,7.04004335403,-0.200053498149,-0.0455302000046,-0.332823258121,-0.0578886161449,0.104400331839
574595000000,956,574595000000,base_link,7.04096317291,-0.171766415238,-0.0480959191918,-0.0619380356721,-0.00457695044139,0.0555033797361
574627000000,957,574627000000,base_link,7.04182481766,-0.143249616027,-0.0509868860245,0.0659373581776,-0.017935063047,0.0342210899675
574663000000,958,574663000000,base_link,7.0435552597,-0.110997527838,-0.0543050467968,0.252265117821,0.0359860145088,-0.0115901894677
574695000000,959,574695000000,base_link,7.04102802277,-0.0882487818599,-0.0587718002498,0.368693120965,0.0181748505098,-0.0526892275916
574727000000,960,574727000000,base_link,7.03914070129,-0.0710655301809,-0.0635566413403,0.398099116873,-0.0268214262051,-0.0579788519322
574763000000,961,574763000000,base_link,7.03742980957,-0.0559534467757,-0.0624588541687,0.374647177289,-0.0633929364518,-0.0638422630798
574795000000,962,574795000000,base_link,7.03154945374,-0.0451486818492,-0.0583110004663,0.22555645462,-0.0219754510656,-0.0567809806244
574827000000,963,574827000000,base_link,7.02478027344,-0.0366514623165,-0.0566004738212,0.152828959444,-0.0403822474261,-0.0496589439678
574863000000,964,574863000000,base_link,7.01563453674,-0.0284367538989,-0.0531361885369,0.0388830923646,-0.0301143056154,-0.0299584536413
574895000000,965,574895000000,base_link,7.00872039795,-0.020262312144,-0.0525853671134,-0.107150941572,0.0436252514225,-0.0103525747409
574927000000,966,574927000000,base_link,7.00239038467,-0.0111741581932,-0.0527682676911,-0.137794247397,0.0408216360354,0.00225876173495
574963000000,967,574963000000,base_link,6.9981751442,-0.00103038281668,-0.0504133217037,-0.124968706997,0.118923139235,0.00725781239108
574995000000,968,574995000000,base_link,7.00057315826,0.0101042948663,-0.0495273917913,-0.058247984122,0.106696809102,-0.00158312992122
575027000000,969,575027000000,base_link,7.00280952454,0.0203921813518,-0.0525791943073,-0.0196843491908,0.0583623244253,-0.00602497954498
575063000000,970,575063000000,base_link,7.0068025589,0.0333733707666,-0.0524934828281,0.0551457416772,0.0383737411799,-0.0089191963596
575095000000,971,575095000000,base_link,7.00971078873,0.0432479642332,-0.0511724613607,0.128706992837,0.0562054078308,-0.0366812731594
575127000000,972,575127000000,base_link,7.01164722443,0.0520541146398,-0.0525954663754,0.151596523782,0.0114167942715,-0.0347804818273
575163000000,973,575163000000,base_link,7.01471853256,0.0580233670771,-0.0547568276525,0.163569934661,-0.0118864410344,-0.0357938098889
575195000000,974,575195000000,base_link,7.02054357529,0.0627309828997,-0.057674754411,0.1558829185,0.00447914506525,-0.0415862814717
575227000000,975,575227000000,base_link,7.02383518219,0.0652445480227,-0.0616961419582,0.130050567284,-0.0382237087438,-0.0453121744992
575263000000,976,575263000000,base_link,7.02986812592,0.0668510943651,-0.0651768893003,0.0696897650783,-0.0916888756533,-0.0289702369149
575295000000,977,575295000000,base_link,7.03237390518,0.0681268945336,-0.0674966946244,0.0116012041702,-0.0620764843391,-0.0244302753093
575327000000,978,575327000000,base_link,7.03510904312,0.0690360888839,-0.0692855045199,-0.0201427195575,-0.0413403688896,-0.00977271626338
575363000000,979,575363000000,base_link,7.03662824631,0.0689997002482,-0.0703762695193,-0.0376182972629,0.0195075417783,-0.00797607419642
575395000000,980,575395000000,base_link,7.04073762894,0.0697491317987,-0.0733994543552,-0.0473907170873,-0.0048014329844,-0.00277226739347
575427000000,981,575427000000,base_link,7.04419660568,0.0712022706866,-0.0782770290971,-0.0436507130037,-0.0462940879053,0.00618727346627
575463000000,982,575463000000,base_link,7.04703807831,0.0728894546628,-0.0778776705265,-0.0316886461432,-0.0852874458666,0.000145036292629
575495000000,983,575495000000,base_link,7.04706287384,0.0746497139335,-0.0757205039263,0.0145824611726,-0.0713624834067,-0.00102653307035
575527000000,984,575527000000,base_link,7.04580783844,0.0774017348886,-0.076404646039,0.02875836935,-0.0865531644461,0.000576986124274
575563000000,985,575563000000,base_link,7.0429854393,0.0790982916951,-0.0762547552586,0.0456565973968,-0.0607307895859,-0.00748141754367
575595000000,986,575595000000,base_link,7.04308605194,0.0787652209401,-0.0747686848044,0.0575123506079,0.0276470642365,-0.00859737765816
575627000000,987,575627000000,base_link,7.04253435135,0.0793686285615,-0.0759640038013,0.0483205242548,0.0138242288512,-0.0109167218849
575663000000,988,575663000000,base_link,7.04029607773,0.0791140645742,-0.0763850584626,0.0400941502625,0.00294542881266,-0.0123819058039
575695000000,989,575695000000,base_link,7.0372428894,0.0784997791052,-0.0773099586368,0.018999450205,0.0471359213496,-0.00620831720292
575727000000,990,575727000000,base_link,7.03402805328,0.0761569738388,-0.0807776972651,0.0176604544088,0.0249756390074,-0.0102470999207
575763000000,991,575763000000,base_link,7.03127098083,0.0747783333063,-0.0804763659835,-0.00752397323101,0.0180762383741,-0.00790011374033
575795000000,992,575795000000,base_link,7.03287601471,0.0736002400517,-0.0789235234261,-0.0277255608272,0.0441235328917,0.00373499369451
575827000000,993,575827000000,base_link,7.03374576569,0.0711355283856,-0.081262730062,-0.0228441970352,0.00986264214363,-0.000317536419386
575863000000,994,575863000000,base_link,7.03458690643,0.0710769295692,-0.0842576101422,-0.0256033511282,-0.041653832297,0.00515699365854
575895000000,995,575895000000,base_link,7.03264808655,0.069556362927,-0.0874694883823,-0.0175623771502,-0.0106218436319,0.00832158950225
575927000000,996,575927000000,base_link,7.03024816513,0.0693265870214,-0.0930834263563,-0.0135610165278,-0.0328211045958,0.00261255915739
575963000000,997,575963000000,base_link,7.0280213356,0.069447286427,-0.0966107621789,0.000280848005264,-0.0389413220391,0.00124811553502
575995000000,998,575995000000,base_link,7.02794075012,0.0698449090123,-0.100190162659,0.00501828522892,0.0029633249619,-0.000878779164979
576027000000,999,576026000000,base_link,7.0263261795,0.0697439089417,-0.106556221843,0.0158603927016,-0.0091314862278,-0.00567692585874
576063000000,1000,576063000000,base_link,7.0254650116,0.0698217153549,-0.112000949681,0.0224220741463,-0.0195889747467,-0.000559470480078
576095000000,1001,576095000000,base_link,7.02187585831,0.0679889991879,-0.119319818914,0.0223505776248,0.00540713539376,-0.00262540131458
576127000000,1002,576127000000,base_link,7.01863527298,0.0656477361917,-0.124141477048,0.0207378704109,-0.00924035183824,-0.00997590081928
576163000000,1003,576163000000,base_link,7.01609182358,0.0646384507418,-0.129837527871,-0.00268867303274,0.0610670554448,-0.00305218093051
576195000000,1004,576195000000,base_link,7.01383304596,0.0619685724378,-0.139235675335,-0.0107050869055,0.0410700672492,-0.00419205393857
576227000000,1005,576227000000,base_link,7.01306867599,0.0596096292138,-0.147666618228,-0.0104175176239,0.00429510092313,0.00512997221546
576263000000,1006,576263000000,base_link,7.0132818222,0.057335820049,-0.158742412925,-0.0121653395681,0.0532471833182,-0.00032730511511
576295000000,1007,576295000000,base_link,7.01082849503,0.0559851974249,-0.170659229159,-0.014957216326,0.0581869539511,-0.00292834525759
576327000000,1008,576327000000,base_link,7.00793886185,0.0555978342891,-0.186643868685,-0.00905452093997,0.00272867478696,-0.000197693353539
576363000000,1009,576363000000,base_link,7.00437021255,0.0541221126914,-0.209110662341,-0.0215874143057,-0.0426659782291,0.00771197940088
576395000000,1010,576395000000,base_link,7.00330162048,0.0535050146282,-0.23412373662,-0.00667859403436,-0.0247568980309,0.00190041964872
576427000000,1011,576427000000,base_link,7.00232934952,0.0522341839969,-0.261841058731,-0.00908518956491,-0.0542115970768,0.00352412436205
576463000000,1012,576463000000,base_link,7.00179100037,0.0519312880933,-0.281454056501,-0.000956028196871,-0.089471454082,-0.00219174873881
576495000000,1013,576495000000,base_link,7.00023698807,0.0515156313777,-0.286247432232,-0.00638622667728,-0.0505141049033,0.00142409509245
576527000000,1014,576527000000,base_link,6.99798727036,0.0507224351168,-0.287444591522,-0.00388914240897,-0.0682540049487,0.00761973751601
576563000000,1015,576563000000,base_link,6.99512481689,0.0508758798242,-0.282202422619,0.000137839695841,-0.060887920327,0.00826536030068
576595000000,1016,576595000000,base_link,6.99373817444,0.0507838465273,-0.276704996824,0.00183245529728,-0.0080686335314,-0.00202912116907
576627000000,1017,576627000000,base_link,6.99171924591,0.0506438948214,-0.273973047733,-0.00536405561409,-0.00653376778256,-0.00229579495871
576663000000,1018,576663000000,base_link,6.99038076401,0.0508170090616,-0.270568668842,-0.00277398868724,-0.00510138851109,0.00316509948099
576695000000,1019,576695000000,base_link,6.9875535965,0.0507804080844,-0.267854332924,-0.00664885811236,0.0285806866625,-0.00096873359285
576727000000,1020,576727000000,base_link,6.98395776749,0.0495098829269,-0.267190843821,0.00310169543657,0.000928879950959,0.00209842406682
576763000000,1021,576763000000,base_link,6.98040246964,0.0505554042757,-0.263313770294,-0.000436353673791,0.0145923747493,-0.00619379842536
576795000000,1022,576795000000,base_link,6.97462368011,0.0513894930482,-0.259844303131,-0.00571111464491,0.0381272400989,0.00439416568337
576827000000,1023,576827000000,base_link,6.96919298172,0.0526618137956,-0.257594317198,-0.00077029511545,0.0348263264262,0.00347033173093
576863000000,1024,576863000000,base_link,6.96317434311,0.0533057153225,-0.255163550377,0.00444380473071,0.112112755,-0.00206320061988
576895000000,1025,576895000000,base_link,6.96354389191,0.0523038208485,-0.256051838398,0.00102088654653,0.1395148491,-0.00502751622941
576927000000,1026,576927000000,base_link,6.96382284164,0.0511840805411,-0.259317994118,0.0048781904434,0.0905810932026,-0.00377342969473
576963000000,1027,576963000000,base_link,6.96445274353,0.0498393140733,-0.258583515882,0.00376579349232,0.0530959335406,-0.00181168025733
576995000000,1028,576995000000,base_link,6.97199058533,0.0489806309342,-0.258305132389,-0.00294822152982,0.0480069530779,0.00363702070831
577027000000,1029,577027000000,base_link,6.97866201401,0.0492024086416,-0.261467635632,-0.0101267508772,-0.00496681012979,0.000716764108241
577063000000,1030,577063000000,base_link,6.98666238785,0.048049069941,-0.264328926802,-0.00138700721556,-0.0793686854112,0.000146898312957
577095000000,1031,577095000000,base_link,6.99169445038,0.0473303720355,-0.266611099243,-0.0168626826208,-0.0268146108667,0.00355588605119
577127000000,1032,577127000000,base_link,6.99961280823,0.0480308867991,-0.268604010344,-0.00918770372657,0.0101791041181,0.000885105803279
577163000000,1033,577163000000,base_link,7.00622320175,0.0492190979421,-0.271528601646,-0.0139481562587,0.0222451263736,-0.00122132308597
577195000000,1034,577195000000,base_link,7.01336860657,0.0493514612317,-0.275198310614,0.000702896836596,0.00193725744199,0.00217122036139
577227000000,1035,577227000000,base_link,7.01990127563,0.04928830266,-0.280406594276,-0.00326184795473,-0.014744990486,-0.00294918318363
577263000000,1036,577263000000,base_link,7.02597427368,0.0498190484941,-0.281530022621,0.00540696835349,-0.0987760743447,0.00166864039379
577295000000,1037,577295000000,base_link,7.02975654602,0.0502264872193,-0.281020134687,-0.000633877793192,-0.0798053872661,-0.000147675805005
577327000000,1038,577327000000,base_link,7.0362405777,0.0507504455745,-0.279159665108,0.00528960447376,-0.0531918247347,0.0013739653987
577363000000,1039,577363000000,base_link,7.04269695282,0.0506952181458,-0.277492195368,0.00394774555764,-0.0303162930848,-0.000608463707765
