%time,field.linear.x,field.linear.y,field.linear.z,field.angular.x,field.angular.y,field.angular.z
341908000000,0.1,0.1,0.261766950158,0.0,0.0,4.89356928446e-05
341941000000,0.2,0.2,0.268874017266,0.0,0.0,0.00067821553335
341974000000,0.3,0.3,0.268874017266,0.0,0.0,6.07496135019e-05
342042000000,0.4,0.4,0.270954734403,0.0,0.0,0.00326595983084
342075000000,0.5,0.5,0.268589710913,0.0,0.0,0.00264226406086
342142000000,0.6,0.6,0.264080071173,0.0,0.0,0.00729512449208
342174000000,0.7,0.7,0.264080071173,0.0,0.0,0.00785429816122
342241000000,0.8,0.8,0.186520428387,0.0,0.0,0.28838041874
342275000000,0.9,0.9,0.186882514683,0.0,0.0,0.319809982023
342341000000,1.0,0.997056721263,0.12082588124,0.0,0.0,0.341677983153
342375000000,1.1,0.964050048762,0.120898717348,0.0,0.0,0.362702278148
342441000000,1.2,0.89943228226,0.0898969587729,0.0,0.0,0.381368608679
342475000000,1.3,0.99943228226,0.0565798935339,0.0,0.0,0.379678115285
342541000000,1.4,1.09943228226,0.00728615539141,0.0,0.0,0.0846474707238
342574000000,1.5,1.19943228226,0.00728615539141,0.0,0.0,0.0611016112749
342608000000,1.6,1.29943228226,0.00640553439498,0.0,0.0,0.0642075590258
342641000000,1.7,1.39943228226,0.0041700741136,0.0,0.0,0.0498097643563
342674000000,1.8,1.49943228226,0.0041700741136,0.0,0.0,0.0387484110497
342742000000,1.9,1.59943228226,0.0111256776022,0.0,0.0,0.0311798187473
342774000000,2.0,1.69943228226,0.0113344768598,0.0,0.0,0.0263042565246
342842000000,2.1,1.75447600677,-0.00889938077187,0.0,0.0,0.0210420366301
342874000000,2.2,1.65447600677,-0.00366250476097,0.0,0.0,0.0150414777679
342908000000,2.3,1.55447600677,0.00129856032296,0.0,0.0,0.00860798128419
342941000000,2.4,1.45447600677,-0.0405126197918,0.0,0.0,-0.0113878739914
342974000000,2.5,1.38457887627,-0.0399631603344,0.0,0.0,-0.0405384578166
343008000000,2.6,1.36253945434,-0.0420439426588,0.0,0.0,-0.0593300846242
343041000000,2.7,1.46253945434,-0.0559938852476,0.0,0.0,-0.0812559459075
343074000000,2.8,1.56253945434,-0.0559938852476,0.0,0.0,-0.0937111400237
343108000000,2.9,1.66253945434,-0.0567683990198,0.0,0.0,-0.088981373348
343142000000,3.0,1.67336835304,-0.0399675424295,0.0,0.0,-0.0701105666214
343174000000,3.1,1.67182597798,-0.0399675424295,0.0,0.0,-0.0389980495518
343208000000,3.2,1.63930303421,-0.0401111589277,0.0,0.0,-0.0201764225733
343242000000,3.3,1.60903731425,-0.023530839523,0.0,0.0,-0.0108251117831
343275000000,3.4,1.60284287241,-0.023530839523,0.0,0.0,-0.0100589008712
343341000000,3.5,1.50284287241,-0.0392246197814,0.0,0.0,-0.0183682317251
343375000000,3.6,1.40284287241,-0.0332841586227,0.0,0.0,-0.0201822025134
343441000000,3.7,1.30284287241,-0.0541393661472,0.0,0.0,-0.0424980404187
343475000000,3.8,1.20284287241,-0.0541393661472,0.0,0.0,-0.0532871310037
343542000000,3.9,1.30284287241,-0.0561929138651,0.0,0.0,-0.0590181985796
343574000000,4.0,1.40284287241,-0.0561929138651,0.0,0.0,-0.0615302400031
343608000000,4.1,1.50109741586,-0.056602611584,0.0,0.0,-0.04747229167
343641000000,4.2,1.51074155591,-0.0388757610743,0.0,0.0,-0.0195691751261
343674000000,4.3,1.51802624356,-0.0388757610743,0.0,0.0,0.0129005259696
343742000000,4.4,1.49263383494,-0.0167949868727,0.0,0.0,0.0465557135464
343774000000,4.5,1.49237615007,-0.0167949868727,0.0,0.0,0.0479905647916
343808000000,4.6,1.45424816432,-0.0158933872602,0.0,0.0,0.0450515148601
343842000000,4.7,1.35424816432,-0.0556791538617,0.0,0.0,0.0329022646239
343874000000,4.8,1.25424816432,-0.0556791538617,0.0,0.0,0.0189544038404
343941000000,4.9,1.15424816432,-0.0549328031326,0.0,0.0,-0.014059000664
343975000000,5.0,1.05424816432,-0.0549328031326,0.0,0.0,-0.0369358807556
344041000000,5.1,0.954248164324,-0.0543335819436,0.0,0.0,-0.060033050084
344075000000,5.2,1.05424816432,-0.0543335819436,0.0,0.0,-0.0673487072516
344141000000,5.3,1.15424816432,-0.0536301346671,0.0,0.0,-0.0582178787697
344175000000,5.4,1.25424816432,-0.0536301346671,0.0,0.0,-0.0315837169628
344241000000,5.5,1.35424816432,-0.0526532198717,0.0,0.0,0.0198428740639
344274000000,5.6,1.45424816432,-0.0230277802278,0.0,0.0,0.0469179990628
344341000000,5.7,1.47344271167,-0.0216725345444,0.0,0.0,0.0702678124012
344375000000,5.8,1.37344271167,-0.0512979741882,0.0,0.0,0.0792974093498
344441000000,5.9,1.27344271167,-0.0494291323704,0.0,0.0,0.056242170002
344475000000,6.0,1.17344271167,-0.0494291323704,0.0,0.0,0.0285630980874
344541000000,6.1,1.07344271167,-0.0479061050788,0.0,0.0,-0.0197840688226
344575000000,6.2,0.973442711667,-0.0466010852233,0.0,0.0,-0.0465523367978
344641000000,6.3,0.873442711667,-0.0421199782554,0.0,0.0,-0.0725810579566
344674000000,6.4,0.773442711667,-0.0462867839996,0.0,0.0,-0.0814143642629
344741000000,6.5,0.673442711667,-0.0446560859269,0.0,0.0,-0.0733549959989
344775000000,6.6,0.573442711667,-0.0446560859269,0.0,0.0,-0.0690879256698
344842000000,6.7,0.473442711667,-0.0429986765031,0.0,0.0,-0.0541270221431
344875000000,6.8,0.402628467333,-0.0429986765031,0.0,0.0,-0.0468471568702
344941000000,6.80328337636,0.43080532731,-0.0411522734969,0.0,0.0,-0.0334167778562
344974000000,6.90328337636,0.53080532731,-0.0411522734969,0.0,0.0,-0.0216185034717
345041000000,6.90480423409,0.63080532731,-0.0411522734969,0.0,0.0,0.00901705049487
345075000000,6.80480423409,0.73080532731,-0.03851283535,0.0,0.0,0.041335388271
345141000000,6.86408530849,0.83080532731,-0.03851283535,0.0,0.0,0.0734065616061
345174000000,6.85575931847,0.93080532731,-0.03851283535,0.0,0.0,0.0929021480319
345242000000,6.80838480044,1.03080532731,-0.0359972418488,0.0,0.0,0.100198534422
345275000000,6.86195186417,0.93080532731,-0.0359972418488,0.0,0.0,0.101410719555
345342000000,6.80362476647,0.83080532731,-0.0344788684537,0.0,0.0,0.0837963649
345375000000,6.76141527494,0.93080532731,-0.0344788684537,0.0,0.0,0.0536115814805
345441000000,6.69633351686,1.03080532731,-0.0327466603709,0.0,0.0,0.011966240359
345474000000,6.67857717361,1.13080532731,-0.0327466603709,0.0,0.0,0.00396667061619
345541000000,6.65928228007,1.23080532731,-0.0258299603336,0.0,0.0,0.00325629524721
345575000000,6.65936783904,1.33080532731,-0.0258299603336,0.0,0.0,0.00725912668746
345641000000,6.65891552151,1.43080532731,0.00380515826488,0.0,0.0,0.00956866106606
345674000000,6.66207806795,1.53080532731,0.00380515826488,0.0,0.0,0.0123712283773
345708000000,6.56207806795,1.63080532731,0.00587137841526,0.0,0.0,0.0113865932237
345741000000,6.64844380977,1.69621503593,0.00460767649952,0.0,0.0,0.0139053950488
345774000000,6.660006479,1.69209319874,0.00460767649952,0.0,0.0,0.0138892954569
345842000000,6.66271351813,1.60725052436,-0.0169079795259,0.0,0.0,0.00860431578343
345874000000,6.68649173489,1.50725052436,-0.00751323846752,0.0,0.0,6.47072799546e-05
345942000000,6.77649195519,1.40725052436,0.0163116668078,0.0,0.0,-0.0316729470902
345974000000,6.67649195519,1.30725052436,0.0171265379064,0.0,0.0,-0.0508803445375
346041000000,6.76809385798,1.20725052436,0.00310101662802,0.0,0.0,-0.0758799615675
346074000000,6.68306428819,1.27351683877,-0.0215625270732,0.0,0.0,-0.0855592455735
346108000000,6.58306428819,1.37351683877,-0.0193119090912,0.0,0.0,-0.0832098828257
346141000000,6.64988203433,1.47351683877,-0.0193119090912,0.0,0.0,-0.0842599112737
346174000000,6.54988203433,1.54788655414,-0.0185441372835,0.0,0.0,-0.0636405371093
346242000000,6.64988203433,1.54283726745,-0.0114734886133,0.0,0.0,-0.0240094514514
346274000000,6.67513245465,1.54406473532,-0.0114734886133,0.0,0.0,-0.00283419824964
346342000000,6.71082347946,1.48607423677,0.0299493563374,0.0,0.0,0.0123929626267
346374000000,6.71419743145,1.4782860338,0.0299493563374,0.0,0.0,0.0129024255
346408000000,6.61419743145,1.43252552867,0.0318386951236,0.0,0.0,0.00545350033242
346441000000,6.71419743145,1.33252552867,0.0434300342349,0.0,0.0,-0.00202674838198
346475000000,6.61419743145,1.23252552867,0.0457979515627,0.0,0.0,-0.0114855820104
346541000000,6.71419743145,1.13252552867,0.0320495322778,0.0,0.0,-0.0268182855435
346574000000,6.76828001028,1.03252552867,0.0318146661356,0.0,0.0,-0.0360340207731
346608000000,6.66828001028,0.93252552867,0.0329416326856,0.0,0.0,-0.0392370778421
346641000000,6.76414154556,0.83252552867,0.0312129549359,0.0,0.0,-0.0432594109126
346674000000,6.77083888738,0.73252552867,0.0309435180997,0.0,0.0,-0.0497293797738
346741000000,6.7737543112,0.63252552867,0.0497931117494,0.0,0.0,-0.0507187698193
346774000000,6.77117198919,0.53252552867,0.0499572390993,0.0,0.0,-0.047549683512
346841000000,6.7784218229,0.486145796948,0.0600792232746,0.0,0.0,-0.03385766461
346875000000,6.77546565103,0.516298632091,0.060681373238,0.0,0.0,-0.0275101716118
346942000000,6.78107406636,0.530879149781,0.0655521530851,0.0,0.0,-0.00659853085316
346975000000,6.77877285141,0.565966825306,0.0662332195982,0.0,0.0,0.00855581981556
347008000000,6.67877285141,0.559927787669,0.0676153055955,0.0,0.0,0.0168833511451
347042000000,6.77172512639,0.577793723844,0.0699896685411,0.0,0.0,0.0320330523101
347074000000,6.7786068066,0.596437761315,0.0702407709886,0.0,0.0,0.0409041732639
347142000000,6.77354106455,0.623858755619,0.066587462191,0.0,0.0,0.0487932663693
347175000000,6.77249367147,0.628558095676,0.0663905284447,0.0,0.0,0.0512884983955
347242000000,6.76246761058,0.669321093186,0.0613402066365,0.0,0.0,0.0461925986045
347274000000,6.74698117104,0.769321093186,0.0713096318379,0.0,0.0,0.0399981564843
347342000000,6.72411049978,0.869321093186,0.0559091271746,0.0,0.0,0.0349500087386
347374000000,6.62411049978,0.969321093186,0.0570063533894,0.0,0.0,0.034776500971
347441000000,6.69291655975,1.06932109319,0.0468041839711,0.0,0.0,0.0352619993209
347475000000,6.69670287213,1.16932109319,0.0466722669713,0.0,0.0,0.0390701736238
347541000000,6.67443385126,1.26932109319,0.0276794657416,0.0,0.0,0.0353475767842
347575000000,6.67470012267,1.36932109319,0.0276794657416,0.0,0.0,0.0328898100748
347641000000,6.57470012267,1.46932109319,0.029132177053,0.0,0.0,0.0242374540999
347675000000,6.64286455617,1.56932109319,0.00546082418972,0.0,0.0,0.0193230294008
347741000000,6.54286455617,1.46932109319,0.0151163545587,0.0,0.0,0.0130764643469
347775000000,6.64286455617,1.37243883253,0.00165071162964,0.0,0.0,0.00656220621678
347842000000,6.54286455617,1.27243883253,0.0210891982028,0.0,0.0,-0.010871507807
347874000000,6.64286455617,1.34933181513,0.00293472012971,0.0,0.0,-0.0332640323215
347941000000,6.54286455617,1.44933181513,0.00380791923884,0.0,0.0,-0.0513680794604
347974000000,6.61894488911,1.54933181513,0.00380791923884,0.0,0.0,-0.0538931923584
348008000000,6.62789004555,1.62256918459,0.00380791923884,0.0,0.0,-0.0541527534764
348041000000,6.52789004555,1.59721780669,0.00439157333397,0.0,0.0,-0.0376180361428
348074000000,6.62789004555,1.5897049689,0.0137763246539,0.0,0.0,-0.0205662382013
348142000000,6.52789004555,1.54557538563,0.0149173776757,0.0,0.0,-0.0111189181037
348174000000,6.62789004555,1.54628589549,0.0155753414285,0.0,0.0,-0.0103705534584
348241000000,6.52789004555,1.4947451776,0.0167872568171,0.0,0.0,-0.0166243540414
348274000000,6.62789004555,1.5199750096,0.00674454174445,0.0,0.0,-0.0215586643395
348341000000,6.52954747721,1.4199750096,0.0188455947221,0.0,0.0,-0.0265476866525
348374000000,6.62954747721,1.3199750096,0.0210020788491,0.0,0.0,-0.0285397605967
348442000000,6.52954747721,1.2199750096,0.0203154904685,0.0,0.0,-0.0308654674239
348475000000,6.62954747721,1.1199750096,0.0288395387969,0.0,0.0,-0.0387782478199
348541000000,6.52954747721,1.06486066609,0.0279436828544,0.0,0.0,-0.0412839554213
348574000000,6.62954747721,1.11919733153,0.0454427244117,0.0,0.0,-0.04395608041
348641000000,6.52954747721,1.18386863831,0.0449253393611,0.0,0.0,-0.0322278844075
348674000000,6.62954747721,1.24644723322,0.0702718688449,0.0,0.0,-0.0195768182514
348742000000,6.53407671925,1.31316526622,0.0712966675475,0.0,0.0,0.00282675451984
348775000000,6.63407671925,1.37477964413,0.083715533705,0.0,0.0,0.0165381637698
348841000000,6.5416120229,1.38271045234,0.0846659614132,0.0,0.0,0.0297431928239
348874000000,6.6416120229,1.43044593477,0.0682912303493,0.0,0.0,0.0350622159357
348908000000,6.7264799107,1.43582521155,0.0682912303493,0.0,0.0,0.035693511428
348941000000,6.6264799107,1.39821464158,0.0684386224554,0.0,0.0,0.0327836333371
348974000000,6.7098363869,1.46280591661,0.0401013583945,0.0,0.0,0.0270991961412
349042000000,6.6098363869,1.42540545533,0.040211279501,0.0,0.0,0.0148817152402
349074000000,6.69022617743,1.49050514045,0.0167443944111,0.0,0.0,0.00901503903258
349142000000,6.59022617743,1.45307067167,0.0170151382071,0.0,0.0,0.00178040740646
349174000000,6.67516220479,1.50299210105,0.00999265008992,0.0,0.0,-0.00139266809001
349208000000,6.68287791776,1.5042216559,0.00999265008992,0.0,0.0,-0.00342649854797
349242000000,6.58287791776,1.46509462417,0.0103615579751,0.0,0.0,-0.00473151892046
349274000000,6.66735887775,1.50222658145,0.0103615579751,0.0,0.0,-0.0071141651406
349341000000,6.56735887775,1.46336779752,0.0108771711612,0.0,0.0,-0.00947844487755
349374000000,6.66130170799,1.49523339212,0.0108771711612,0.0,0.0,-0.0103165764411
349441000000,6.56130170799,1.45461359858,0.0113465574908,0.0,0.0,-0.012270316456
349475000000,6.66130170799,1.48572431453,0.0113465574908,0.0,0.0,-0.0129667573456
349541000000,6.56130170799,1.44675967037,0.0117138948954,0.0,0.0,-0.0129664027655
349575000000,6.66130170799,1.47480536415,0.0174725976504,0.0,0.0,-0.0141615253469
349641000000,6.56130170799,1.43764463882,0.017775622633,0.0,0.0,-0.0130080057498
349675000000,6.66130170799,1.46401735551,0.0269928491383,0.0,0.0,-0.0128431683625
349741000000,6.56130170799,1.42727066969,0.0273181163265,0.0,0.0,-0.0104285364077
349774000000,6.66130170799,1.45461115315,0.0332778893901,0.0,0.0,-0.00942600061553
349842000000,6.688655223,1.45122648907,0.034377692717,0.0,0.0,-0.00910246197819
349874000000,6.69164500632,1.45095618327,0.034377692717,0.0,0.0,-0.0069264416842
349908000000,6.59164500632,1.41239147798,0.0346433200979,0.0,0.0,-0.00780617018505
349941000000,6.68314765612,1.44319358468,0.030332831397,0.0,0.0,-0.00721756946677
349975000000,6.69129491729,1.44656296938,0.030332831397,0.0,0.0,-0.00684000795127
350041000000,6.6934998402,1.44438209225,0.0219151928182,0.0,0.0,-0.00649924448468
350074000000,6.69324375716,1.44470535021,0.0219151928182,0.0,0.0,-0.00414550183768
350142000000,6.6922761271,1.44282227277,0.0208221485918,0.0,0.0,-0.00423779770223
350174000000,6.69090126396,1.44285785211,0.0208221485918,0.0,0.0,-0.00508987629632
350241000000,6.68927470529,1.44267394579,0.0168219353005,0.0,0.0,-0.00438701403668
350275000000,6.68830355035,1.44311330641,0.0168219353005,0.0,0.0,-0.00440246118764
350341000000,6.68722579469,1.44283106915,0.0174127285876,0.0,0.0,-0.0045496775444
350375000000,6.68646928256,1.44338677936,0.0174127285876,0.0,0.0,-0.00469030185732
350441000000,6.68612229667,1.44295877421,0.0188493936806,0.0,0.0,-0.00423036416906
350475000000,6.68627848652,1.44318935875,0.0188493936806,0.0,0.0,-0.00616061562726
350541000000,6.68412082095,1.44295803798,0.0200104771009,0.0,0.0,-0.00447584265603
350574000000,6.68244510654,1.44279018974,0.0200104771009,0.0,0.0,-0.00470251937487
350607000000,6.58244510654,1.40183211166,0.0202581501152,0.0,0.0,-0.00477868815445
350642000000,6.67122430676,1.43756895686,0.0200877881195,0.0,0.0,-0.00491916224347
350675000000,6.6793456473,1.44138163939,0.0200877881195,0.0,0.0,-0.00619588012979
350741000000,6.67843852029,1.44080211419,0.0243862655598,0.0,0.0,-0.00441406507468
350775000000,6.67778431214,1.44057687598,0.0243862655598,0.0,0.0,-0.00494227803909
350841000000,6.67784887069,1.43970770641,0.0314423116095,0.0,0.0,-0.00400968745732
350874000000,6.67782652538,1.43952373082,0.0314423116095,0.0,0.0,-0.00461773600297
350941000000,6.67685266738,1.43916684345,0.0309328831641,0.0,0.0,-0.0065237392118
350974000000,6.67625984988,1.43922540426,0.0309328831641,0.0,0.0,-0.00536360073947
351008000000,6.57625984988,1.39965743287,0.0310556796818,0.0,0.0,-0.00630768786487
351041000000,6.66815250402,1.43455191168,0.0298140791683,0.0,0.0,-0.00538528688707
351074000000,6.67829608248,1.43779044716,0.0298140791683,0.0,0.0,-0.00599688514657
351141000000,6.68128684223,1.43689232354,0.0333902889636,0.0,0.0,-0.00665808471707
351174000000,6.68234340177,1.4367044516,0.0333902889636,0.0,0.0,-0.00654512540092
351241000000,6.68674051768,1.43508404858,0.0358171953052,0.0,0.0,-0.00497003703041
351275000000,6.68829895435,1.43517198431,0.0358171953052,0.0,0.0,-0.00523255228713
351308000000,6.58829895435,1.39581392684,0.0360982849167,0.0,0.0,-0.00583261765036
351342000000,6.67968284141,1.42957380748,0.026108093457,0.0,0.0,-0.00848973502109
351374000000,6.688192254,1.43291069441,0.026108093457,0.0,0.0,-0.00634084085796
351441000000,6.69094083818,1.43109110708,0.0189740838391,0.0,0.0,-0.0055514348226
351475000000,6.69145902124,1.43121130227,0.0189740838391,0.0,0.0,-0.0073849357521
351541000000,6.69088494014,1.42859086324,0.0202399990871,0.0,0.0,-0.00604003841035
351575000000,6.68959076092,1.42819721222,0.0202399990871,0.0,0.0,-0.00652569852887
351642000000,6.68929790716,1.42646172576,0.0160925622724,0.0,0.0,-0.00568191020646
351674000000,6.68854962588,1.42578683665,0.0160925622724,0.0,0.0,-0.00627290330324
351741000000,6.68668275069,1.42367925321,0.0166681006576,0.0,0.0,-0.00745482130948
351775000000,6.68517766724,1.4233759243,0.0166681006576,0.0,0.0,-0.00543763401939
351841000000,6.6847887944,1.42143392382,0.0193763301802,0.0,0.0,-0.00641871516107
