1.785290 -1.649210 2
2.679019 3.919059 3
5.831581 -4.366259 1
5.858958 1.862183 1
7.525709 6.355499 3
9.267540 -3.252870 2
8.089537 -2.300727 1
8.352470 -0.037826 2
12.949500 -1.783210 2
11.875300 2.832540 2
16.416099 -4.533811 3
15.692700 6.904070 2
20.521599 -10.668801 3
21.020400 -6.772180 2
23.554499 -3.301161 3
25.000000 4.00000 3
30.661200 4.00000 2
20.322599 8.111689 3
28.867000 -8.459990 2
30.556700 -2.003230 2
29.788539 0.455853 1
30.398299 6.209199 3
30.729600 10.529900 2
35.400000 -5.953630 2
35.819799 2.719339 3
41.503199 -2.027211 3
