337019000000,190,337019000000,world,0.0983522250306,0.00106952168514,-0.00431768785667,1.41369071271e-06,-4.51739305962e-05,-2.25116932589e-05,0.999999998725
337052000000,191,337052000000,world,0.0983522250306,0.00106952168514,-0.00431768785667,1.41369071271e-06,-4.51739305962e-05,-2.25116932589e-05,0.999999998725
337085000000,192,337085000000,world,0.098288574043,0.00108180040038,-0.00427462918213,1.25044979715e-06,-4.40906226628e-05,-2.26745430239e-05,0.99999999877
337119000000,193,337119000000,world,0.098288574043,0.00108180040038,-0.00427462918213,1.25044979715e-06,-4.40906226628e-05,-2.26745430239e-05,0.99999999877
337152000000,194,337152000000,world,0.0982765533605,0.00109308483567,-0.00424085037699,1.11720894835e-06,-4.27142585607e-05,-2.28112123316e-05,0.999999998827
337185000000,195,337185000000,world,0.0982765533605,0.00109308483567,-0.00424085037699,1.11720894835e-06,-4.27142585607e-05,-2.28112123316e-05,0.999999998827
337220000000,196,337220000000,world,0.0982765533605,0.00109308483567,-0.00424085037699,1.11720894835e-06,-4.27142585607e-05,-2.28112123316e-05,0.999999998827
337252000000,197,337252000000,world,0.0982666042473,0.00110482424248,-0.00420657189876,9.87815678144e-07,-4.13627166132e-05,-2.29529762325e-05,0.999999998881
337285000000,198,337285000000,world,0.0982666042473,0.00110482424248,-0.00420657189876,9.87815678144e-07,-4.13627166132e-05,-2.29529762325e-05,0.999999998881
337319000000,199,337319000000,world,0.0982666042473,0.00110482424248,-0.00420657189876,9.87815678144e-07,-4.13627166132e-05,-2.29529762325e-05,0.999999998881
337353000000,200,337352000000,world,0.0982584512752,0.00111690518292,-0.00417210534129,8.65690550356e-07,-4.00577591053e-05,-2.30985116046e-05,0.999999998931
337385000000,201,337385000000,world,0.0982584512752,0.00111690518292,-0.00417210534129,8.65690550356e-07,-4.00577591053e-05,-2.30985116046e-05,0.999999998931
337419000000,202,337419000000,world,0.0982854437481,0.00112691091794,-0.00414715510063,7.86946405484e-07,-3.86409153781e-05,-2.32161070457e-05,0.999999998984
337453000000,203,337452000000,world,0.0982854437481,0.00112691091794,-0.00414715510063,7.86946405484e-07,-3.86409153781e-05,-2.32161070457e-05,0.999999998984
337485000000,204,337485000000,world,0.0982854437481,0.00112691091794,-0.00414715510063,7.86946405484e-07,-3.86409153781e-05,-2.32161070457e-05,0.999999998984
337520000000,205,337520000000,world,0.0982854437481,0.00112691091794,-0.00414715510063,7.86946405484e-07,-3.86409153781e-05,-2.32161070457e-05,0.999999998984
337552000000,206,337552000000,world,0.0982854437481,0.00112691091794,-0.00414715510063,7.86946405484e-07,-3.86409153781e-05,-2.32161070457e-05,0.999999998984
337585000000,207,337585000000,world,0.0982412154401,0.00114220795142,-0.00410227170823,6.47269240095e-07,-3.77020940143e-05,-2.34000373005e-05,0.999999999015
337619000000,208,337619000000,world,0.0982412154401,0.00114220795142,-0.00410227170823,6.47269240095e-07,-3.77020940143e-05,-2.34000373005e-05,0.999999999015
337652000000,209,337652000000,world,0.0982412154401,0.00114220795142,-0.00410227170823,6.47269240095e-07,-3.77020940143e-05,-2.34000373005e-05,0.999999999015
337686000000,210,337685000000,world,0.0982019918565,0.00115825445425,-0.00405691973645,5.14063832668e-07,-3.67573222001e-05,-2.35897539213e-05,0.999999999046
337719000000,211,337719000000,world,0.0982019918565,0.00115825445425,-0.00405691973645,5.14063832668e-07,-3.67573222001e-05,-2.35897539213e-05,0.999999999046
337752000000,212,337752000000,world,0.0982019918565,0.00115825445425,-0.00405691973645,5.14063832668e-07,-3.67573222001e-05,-2.35897539213e-05,0.999999999046
337786000000,213,337785000000,world,0.0982019918565,0.00115825445425,-0.00405691973645,5.14063832668e-07,-3.67573222001e-05,-2.35897539213e-05,0.999999999046
337819000000,214,337819000000,world,0.0982016282346,0.00117203915851,-0.00402163202982,4.09442300897e-07,-3.56270949485e-05,-2.37514988917e-05,0.999999999083
337853000000,215,337852000000,world,0.0982016282346,0.00117203915851,-0.00402163202982,4.09442300897e-07,-3.56270949485e-05,-2.37514988917e-05,0.999999999083
337886000000,216,337886000000,world,0.0982025831782,0.00118619266487,-0.00398622356507,3.09194801651e-07,-3.45443166672e-05,-2.39176093981e-05,0.999999999117
337919000000,217,337919000000,world,0.0982025831782,0.00118619266487,-0.00398622356507,3.09194801651e-07,-3.45443166672e-05,-2.39176093981e-05,0.999999999117
337952000000,218,337952000000,world,0.0982025831782,0.00118619266487,-0.00398622356507,3.09194801651e-07,-3.45443166672e-05,-2.39176093981e-05,0.999999999117
337985000000,219,337985000000,world,0.0981964700362,0.00119973269365,-0.00395038139665,2.4652195818e-07,-3.3603547799e-05,-2.40812180173e-05,0.999999999145
338019000000,220,338019000000,world,0.0981964700362,0.00119973269365,-0.00395038139665,2.4652195818e-07,-3.3603547799e-05,-2.40812180173e-05,0.999999999145
338052000000,221,338052000000,world,0.0981964700362,0.00119973269365,-0.00395038139665,2.4652195818e-07,-3.3603547799e-05,-2.40812180173e-05,0.999999999145
338085000000,222,338085000000,world,0.0981830868753,0.00121305923838,-0.00391377259364,1.9684114716e-07,-3.27866069723e-05,-2.42443929817e-05,0.999999999169
338120000000,223,338119000000,world,0.0981830868753,0.00121305923838,-0.00391377259364,1.9684114716e-07,-3.27866069723e-05,-2.42443929817e-05,0.999999999169
338153000000,224,338152000000,world,0.0981830868753,0.00121305923838,-0.00391377259364,1.9684114716e-07,-3.27866069723e-05,-2.42443929817e-05,0.999999999169
338186000000,225,338185000000,world,0.0981731606646,0.00122673349123,-0.00387758228936,1.30116192043e-07,-3.19755505221e-05,-2.44095914034e-05,0.999999999191
338219000000,226,338219000000,world,0.0981731606646,0.00122673349123,-0.00387758228936,1.30116192043e-07,-3.19755505221e-05,-2.44095914034e-05,0.999999999191
338253000000,227,338253000000,world,0.0981731606646,0.00122673349123,-0.00387758228936,1.30116192043e-07,-3.19755505221e-05,-2.44095914034e-05,0.999999999191
338286000000,228,338286000000,world,0.0981625663074,0.00124091690085,-0.00384050802146,6.5106021685e-08,-3.11996765918e-05,-2.45803860762e-05,0.999999999211
338320000000,229,338319000000,world,0.0981625663074,0.00124091690085,-0.00384050802146,6.5106021685e-08,-3.11996765918e-05,-2.45803860762e-05,0.999999999211
338352000000,230,338352000000,world,0.0981625663074,0.00124091690085,-0.00384050802146,6.5106021685e-08,-3.11996765918e-05,-2.45803860762e-05,0.999999999211
338385000000,231,338385000000,world,0.0981538008602,0.00125527458284,-0.00380354582978,3.54950224768e-09,-3.04460667301e-05,-2.47531060908e-05,0.99999999923
338420000000,232,338420000000,world,0.0981538008602,0.00125527458284,-0.00380354582978,3.54950224768e-09,-3.04460667301e-05,-2.47531060908e-05,0.99999999923
338453000000,233,338452000000,world,0.0981538008602,0.00125527458284,-0.00380354582978,3.54950224768e-09,-3.04460667301e-05,-2.47531060908e-05,0.99999999923
338485000000,234,338485000000,world,0.0981524917097,0.0012710504628,-0.0037665900969,-1.05413221818e-07,-2.9648293224e-05,-2.49351674476e-05,0.99999999925
338520000000,235,338519000000,world,0.0981524917097,0.0012710504628,-0.0037665900969,-1.05413221818e-07,-2.9648293224e-05,-2.49351674476e-05,0.99999999925
338552000000,236,338552000000,world,0.0981524917097,0.0012710504628,-0.0037665900969,-1.05413221818e-07,-2.9648293224e-05,-2.49351674476e-05,0.99999999925
338585000000,237,338585000000,world,0.0981524917097,0.0012710504628,-0.0037665900969,-1.05413221818e-07,-2.9648293224e-05,-2.49351674476e-05,0.99999999925
338619000000,238,338619000000,world,0.098120844851,0.00129004707336,-0.0037180978622,-1.65184743883e-07,-2.9089588357e-05,-2.51538631583e-05,0.999999999261
338653000000,239,338652000000,world,0.098120844851,0.00129004707336,-0.0037180978622,-1.65184743883e-07,-2.9089588357e-05,-2.51538631583e-05,0.999999999261
338686000000,240,338686000000,world,0.098120844851,0.00129004707336,-0.0037180978622,-1.65184743883e-07,-2.9089588357e-05,-2.51538631583e-05,0.999999999261
338719000000,241,338719000000,world,0.098120844851,0.00129004707336,-0.0037180978622,-1.65184743883e-07,-2.9089588357e-05,-2.51538631583e-05,0.999999999261
338752000000,242,338752000000,world,0.0980864273554,0.00130908122909,-0.00366868247542,-2.09416706087e-07,-2.85701140471e-05,-2.5375038719e-05,0.99999999927
338785000000,243,338785000000,world,0.0980864273554,0.00130908122909,-0.00366868247542,-2.09416706087e-07,-2.85701140471e-05,-2.5375038719e-05,0.99999999927
338819000000,244,338819000000,world,0.0980864273554,0.00130908122909,-0.00366868247542,-2.09416706087e-07,-2.85701140471e-05,-2.5375038719e-05,0.99999999927
338852000000,245,338852000000,world,0.0980811382055,0.0013241290389,-0.00363030026129,-2.41771603349e-07,-2.78803135335e-05,-2.55609657873e-05,0.999999999285
338885000000,246,338885000000,world,0.0980811382055,0.0013241290389,-0.00363030026129,-2.41771603349e-07,-2.78803135335e-05,-2.55609657873e-05,0.999999999285
338919000000,247,338919000000,world,0.0980811382055,0.0013241290389,-0.00363030026129,-2.41771603349e-07,-2.78803135335e-05,-2.55609657873e-05,0.999999999285
338952000000,248,338952000000,world,0.0980789892704,0.00133916318819,-0.00359220783999,-2.69862747315e-07,-2.71832630458e-05,-2.57492068078e-05,0.999999999299
338987000000,249,338987000000,world,0.0980789892704,0.00133916318819,-0.00359220783999,-2.69862747315e-07,-2.71832630458e-05,-2.57492068078e-05,0.999999999299
339019000000,250,339019000000,world,0.0980789892704,0.00133916318819,-0.00359220783999,-2.69862747315e-07,-2.71832630458e-05,-2.57492068078e-05,0.999999999299
339052000000,251,339052000000,world,0.0980789892704,0.00133916318819,-0.00359220783999,-2.69862747315e-07,-2.71832630458e-05,-2.57492068078e-05,0.999999999299
339085000000,252,339085000000,world,0.0980555925193,0.001359422479,-0.00354189447447,-3.22758367144e-07,-2.66051181071e-05,-2.59876104776e-05,0.999999999308
339120000000,253,339119000000,world,0.0980555925193,0.001359422479,-0.00354189447447,-3.22758367144e-07,-2.66051181071e-05,-2.59876104776e-05,0.999999999308
339152000000,254,339152000000,world,0.0980555925193,0.001359422479,-0.00354189447447,-3.22758367144e-07,-2.66051181071e-05,-2.59876104776e-05,0.999999999308
339185000000,255,339185000000,world,0.0980555925193,0.001359422479,-0.00354189447447,-3.22758367144e-07,-2.66051181071e-05,-2.59876104776e-05,0.999999999308
339220000000,256,339220000000,world,0.0980600896991,0.00137471677261,-0.00350379323125,3.41162306072e-07,2.58859303762e-05,2.61851202196e-05,-0.999999999322
339253000000,257,339252000000,world,0.0980600896991,0.00137471677261,-0.00350379323125,3.41162306072e-07,2.58859303762e-05,2.61851202196e-05,-0.999999999322
339286000000,258,339285000000,world,0.0980671328824,0.00139012828656,-0.00346609539378,3.41162306072e-07,2.58859303762e-05,2.61851202196e-05,-0.999999999322
339319000000,259,339319000000,world,0.0980671328824,0.00139012828656,-0.00346609539378,3.60575384106e-07,2.51779898385e-05,2.63854104791e-05,-0.999999999335
339352000000,260,339352000000,world,0.0980671328824,0.00139012828656,-0.00346609539378,3.60575384106e-07,2.51779898385e-05,2.63854104791e-05,-0.999999999335
339385000000,261,339385000000,world,0.0980743940945,0.00140595974742,-0.00342802379006,3.80720130977e-07,2.4503542976e-05,2.65904750043e-05,-0.999999999346
339419000000,262,339419000000,world,0.0980743940945,0.00140595974742,-0.00342802379006,3.80720130977e-07,2.4503542976e-05,2.65904750043e-05,-0.999999999346
339452000000,263,339452000000,world,0.0980743940945,0.00140595974742,-0.00342802379006,3.80720130977e-07,2.4503542976e-05,2.65904750043e-05,-0.999999999346
339485000000,264,339485000000,world,0.0980743940945,0.00140595974742,-0.00342802379006,3.80720130977e-07,2.4503542976e-05,2.65904750043e-05,-0.999999999346
339520000000,265,339519000000,world,0.0980743940945,0.00140595974742,-0.00342802379006,3.80720130977e-07,2.4503542976e-05,2.65904750043e-05,-0.999999999346
339552000000,266,339552000000,world,0.0980632403942,0.00142748453516,-0.00337785914304,4.30997337153e-07,2.39559245132e-05,2.68479368042e-05,-0.999999999353
339585000000,267,339585000000,world,0.0980632403942,0.00142748453516,-0.00337785914304,4.30997337153e-07,2.39559245132e-05,2.68479368042e-05,-0.999999999353
339619000000,268,339619000000,world,0.0980632403942,0.00142748453516,-0.00337785914304,4.30997337153e-07,2.39559245132e-05,2.68479368042e-05,-0.999999999353
339652000000,269,339652000000,world,0.0980558012101,0.00144956221977,-0.00332739231616,4.79980580448e-07,2.33992398893e-05,2.71136055394e-05,-0.999999999359
339685000000,270,339685000000,world,0.0980558012101,0.00144956221977,-0.00332739231616,4.79980580448e-07,2.33992398893e-05,2.71136055394e-05,-0.999999999359
339719000000,271,339719000000,world,0.0980558012101,0.00144956221977,-0.00332739231616,4.79980580448e-07,2.33992398893e-05,2.71136055394e-05,-0.999999999359
339752000000,272,339752000000,world,0.0980558012101,0.00144956221977,-0.00332739231616,4.79980580448e-07,2.33992398893e-05,2.71136055394e-05,-0.999999999359
339786000000,273,339785000000,world,0.0980663211715,0.00146548852161,-0.00328914047223,4.6881303073e-07,2.2787032957e-05,2.73295554175e-05,-0.999999999367
339820000000,274,339819000000,world,0.0980663211715,0.00146548852161,-0.00328914047223,4.6881303073e-07,2.2787032957e-05,2.73295554175e-05,-0.999999999367
339853000000,275,339852000000,world,0.0980663211715,0.00146548852161,-0.00328914047223,4.6881303073e-07,2.2787032957e-05,2.73295554175e-05,-0.999999999367
339885000000,276,339885000000,world,0.0980663211715,0.00146548852161,-0.00328914047223,4.6881303073e-07,2.2787032957e-05,2.73295554175e-05,-0.999999999367
339920000000,277,339920000000,world,0.0980554878151,0.00148702049114,-0.00323832744989,4.80270646086e-07,2.23247805981e-05,2.75964503432e-05,-0.99999999937
339952000000,278,339952000000,world,0.0980554878151,0.00148702049114,-0.00323832744989,4.80270646086e-07,2.23247805981e-05,2.75964503432e-05,-0.99999999937
339986000000,279,339985000000,world,0.0980554878151,0.00148702049114,-0.00323832744989,4.80270646086e-07,2.23247805981e-05,2.75964503432e-05,-0.99999999937
340019000000,280,340019000000,world,0.0980665157162,0.00150327875572,-0.00319989265314,4.8070277231e-07,2.17490828698e-05,2.78177217875e-05,-0.999999999376
340052000000,281,340052000000,world,0.0980665157162,0.00150327875572,-0.00319989265314,4.8070277231e-07,2.17490828698e-05,2.78177217875e-05,-0.999999999376
340085000000,282,340085000000,world,0.0980665157162,0.00150327875572,-0.00319989265314,4.8070277231e-07,2.17490828698e-05,2.78177217875e-05,-0.999999999376
340119000000,283,340119000000,world,0.0980791249032,0.00151978362344,-0.0031615560879,4.83624478353e-07,2.11858232929e-05,2.80432951485e-05,-0.999999999382
340153000000,284,340152000000,world,0.0980791249032,0.00151978362344,-0.0031615560879,4.83624478353e-07,2.11858232929e-05,2.80432951485e-05,-0.999999999382
340185000000,285,340185000000,world,0.098087557932,0.00153601665608,-0.00312284331496,4.64622780749e-07,2.06923281033e-05,2.8268447388e-05,-0.999999999386
340219000000,286,340219000000,world,0.098087557932,0.00153601665608,-0.00312284331496,4.64622780749e-07,2.06923281033e-05,2.8268447388e-05,-0.999999999386
340252000000,287,340252000000,world,0.098087557932,0.00153601665608,-0.00312284331496,4.64622780749e-07,2.06923281033e-05,2.8268447388e-05,-0.999999999386
340286000000,288,340285000000,world,0.0980970483198,0.00155288406729,-0.00308410967221,4.69301685624e-07,2.0213981589e-05,2.84969520691e-05,-0.99999999939
340319000000,289,340319000000,world,0.0980970483198,0.00155288406729,-0.00308410967221,4.69301685624e-07,2.0213981589e-05,2.84969520691e-05,-0.99999999939
340352000000,290,340352000000,world,0.0980970483198,0.00155288406729,-0.00308410967221,4.69301685624e-07,2.0213981589e-05,2.84969520691e-05,-0.99999999939
340385000000,291,340385000000,world,0.0980970483198,0.00155288406729,-0.00308410967221,4.69301685624e-07,2.0213981589e-05,2.84969520691e-05,-0.99999999939
340419000000,292,340419000000,world,0.0981074086228,0.00157011468591,-0.00304534375436,4.78811385207e-07,1.97551861428e-05,2.87293115951e-05,-0.999999999392
340452000000,293,340452000000,world,0.0981074086228,0.00157011468591,-0.00304534375436,4.78811385207e-07,1.97551861428e-05,2.87293115951e-05,-0.999999999392
340485000000,294,340485000000,world,0.0981074086228,0.00157011468591,-0.00304534375436,4.78811385207e-07,1.97551861428e-05,2.87293115951e-05,-0.999999999392
340520000000,295,340519000000,world,0.0981183001511,0.00158771750266,-0.00300648932085,4.9185232287e-07,1.93201798485e-05,2.89652475438e-05,-0.999999999394
340552000000,296,340552000000,world,0.0981183001511,0.00158771750266,-0.00300648932085,4.9185232287e-07,1.93201798485e-05,2.89652475438e-05,-0.999999999394
340585000000,297,340585000000,world,0.0981183001511,0.00158771750266,-0.00300648932085,4.9185232287e-07,1.93201798485e-05,2.89652475438e-05,-0.999999999394
340619000000,298,340619000000,world,0.098125166508,0.00160520776741,-0.00296710911256,4.85853698384e-07,1.89505090798e-05,2.92005968452e-05,-0.999999999394
340652000000,299,340652000000,world,0.098125166508,0.00160520776741,-0.00296710911256,4.85853698384e-07,1.89505090798e-05,2.92005968452e-05,-0.999999999394
340685000000,300,340685000000,world,0.098125166508,0.00160520776741,-0.00296710911256,4.85853698384e-07,1.89505090798e-05,2.92005968452e-05,-0.999999999394
340720000000,301,340719000000,world,0.0981283068956,0.00162282783899,-0.00292722636813,4.77989532066e-07,1.8635176865e-05,2.94346708945e-05,-0.999999999393
340753000000,302,340752000000,world,0.0981283068956,0.00162282783899,-0.00292722636813,4.77989532066e-07,1.8635176865e-05,2.94346708945e-05,-0.999999999393
340785000000,303,340785000000,world,0.0981283068956,0.00162282783899,-0.00292722636813,4.77989532066e-07,1.8635176865e-05,2.94346708945e-05,-0.999999999393
340819000000,304,340819000000,world,0.0981321509367,0.00164096334002,-0.00288714735928,4.8716809975e-07,1.83257907896e-05,2.96716400745e-05,-0.999999999392
340852000000,305,340852000000,world,0.0981321509367,0.00164096334002,-0.00288714735928,4.8716809975e-07,1.83257907896e-05,2.96716400745e-05,-0.999999999392
340885000000,306,340885000000,world,0.0981321509367,0.00164096334002,-0.00288714735928,4.8716809975e-07,1.83257907896e-05,2.96716400745e-05,-0.999999999392
340919000000,307,340919000000,world,0.098132640617,0.00165888609221,-0.00284663888351,4.76907558777e-07,1.80611570876e-05,2.9907886001e-05,-0.99999999939
340952000000,308,340952000000,world,0.098132640617,0.00165888609221,-0.00284663888351,4.76907558777e-07,1.80611570876e-05,2.9907886001e-05,-0.99999999939
340985000000,309,340985000000,world,0.0981334720961,0.00167740790507,-0.00280554761689,4.81835744248e-07,1.77983795281e-05,3.01486278837e-05,-0.999999999387
341019000000,310,341019000000,world,0.0981334720961,0.00167740790507,-0.00280554761689,4.81835744248e-07,1.77983795281e-05,3.01486278837e-05,-0.999999999387
341052000000,311,341052000000,world,0.0981334720961,0.00167740790507,-0.00280554761689,4.81835744248e-07,1.77983795281e-05,3.01486278837e-05,-0.999999999387
341085000000,312,341085000000,world,0.0981357095756,0.00169564626758,-0.00276505922534,4.83142024943e-07,1.75322078908e-05,3.03883309251e-05,-0.999999999384
341119000000,313,341119000000,world,0.0981357095756,0.00169564626758,-0.00276505922534,4.83142024943e-07,1.75322078908e-05,3.03883309251e-05,-0.999999999384
341152000000,314,341152000000,world,0.0981357095756,0.00169564626758,-0.00276505922534,4.83142024943e-07,1.75322078908e-05,3.03883309251e-05,-0.999999999384
341185000000,315,341185000000,world,0.0981357095756,0.00169564626758,-0.00276505922534,4.83142024943e-07,1.75322078908e-05,3.03883309251e-05,-0.999999999384
341220000000,316,341219000000,world,0.0981264177989,0.00172088063488,-0.00271067217476,5.03852496114e-07,1.73368077938e-05,3.06987886744e-05,-0.999999999378
341252000000,317,341252000000,world,0.0981264177989,0.00172088063488,-0.00271067217476,5.03852496114e-07,1.73368077938e-05,3.06987886744e-05,-0.999999999378
341285000000,318,341285000000,world,0.0981264177989,0.00172088063488,-0.00271067217476,5.03852496114e-07,1.73368077938e-05,3.06987886744e-05,-0.999999999378
341320000000,319,341320000000,world,0.0981264177989,0.00172088063488,-0.00271067217476,5.03852496114e-07,1.73368077938e-05,3.06987886744e-05,-0.999999999378
341352000000,320,341352000000,world,0.0981203670095,0.00174572153758,-0.00265697272828,5.16076012924e-07,1.7110087379e-05,3.10109374687e-05,-0.999999999373
341385000000,321,341385000000,world,0.0981203670095,0.00174572153758,-0.00265697272828,5.16076012924e-07,1.7110087379e-05,3.10109374687e-05,-0.999999999373
341420000000,322,341419000000,world,0.0981203670095,0.00174572153758,-0.00265697272828,5.16076012924e-07,1.7110087379e-05,3.10109374687e-05,-0.999999999373
341452000000,323,341452000000,world,0.098128352746,0.00176395428725,-0.00261595442274,4.99875225046e-07,1.67934319621e-05,3.12654130424e-05,-0.99999999937
341485000000,324,341485000000,world,0.098128352746,0.00176395428725,-0.00261595442274,4.99875225046e-07,1.67934319621e-05,3.12654130424e-05,-0.99999999937
341519000000,325,341519000000,world,0.0981479204569,0.00177543475094,-0.00258767413144,4.49395283431e-07,1.64155217543e-05,3.14589863009e-05,-0.99999999937
341552000000,326,341552000000,world,0.0981479204569,0.00177543475094,-0.00258767413144,4.49395283431e-07,1.64155217543e-05,3.14589863009e-05,-0.99999999937
341586000000,327,341586000000,world,0.0981479204569,0.00177543475094,-0.00258767413144,4.49395283431e-07,1.64155217543e-05,3.14589863009e-05,-0.99999999937
341620000000,328,341619000000,world,0.0981479204569,0.00177543475094,-0.00258767413144,4.49395283431e-07,1.64155217543e-05,3.14589863009e-05,-0.99999999937
341652000000,329,341652000000,world,0.0981469902335,0.00180046310269,-0.00253378596254,4.57850107161e-07,1.61762350428e-05,3.17842089257e-05,-0.999999999364
341685000000,330,341685000000,world,0.0981469902335,0.00180046310269,-0.00253378596254,4.57850107161e-07,1.61762350428e-05,3.17842089257e-05,-0.999999999364
341719000000,331,341719000000,world,0.0981469902335,0.00180046310269,-0.00253378596254,4.57850107161e-07,1.61762350428e-05,3.17842089257e-05,-0.999999999364
341752000000,332,341752000000,world,0.098167455859,0.00181223750394,-0.00250549582729,4.13971804947e-07,1.58128970921e-05,3.19825256365e-05,-0.999999999363
341786000000,333,341785000000,world,0.098167455859,0.00181223750394,-0.00250549582729,4.13971804947e-07,1.58128970921e-05,3.19825256365e-05,-0.999999999363
341819000000,334,341819000000,world,0.098167455859,0.00181223750394,-0.00250549582729,4.13971804947e-07,1.58128970921e-05,3.19825256365e-05,-0.999999999363
341852000000,335,341852000000,world,0.098167455859,0.00181223750394,-0.00250549582729,4.13971804947e-07,1.58128970921e-05,3.19825256365e-05,-0.999999999363
341885000000,336,341885000000,world,0.0981688547191,0.00183767762968,-0.00245139744317,4.26170550183e-07,1.55876878258e-05,3.23158314783e-05,-0.999999999356
341920000000,337,341919000000,world,0.0981688547191,0.00183767762968,-0.00245139744317,4.26170550183e-07,1.55876878258e-05,3.23158314783e-05,-0.999999999356
341952000000,338,341952000000,world,0.0981688547191,0.00183767762968,-0.00245139744317,4.26170550183e-07,1.55876878258e-05,3.23158314783e-05,-0.999999999356
341985000000,339,341985000000,world,0.098181267773,0.00185663921018,-0.00241015156747,4.18539553682e-07,1.52991272807e-05,3.25860338364e-05,-0.999999999352
342019000000,340,342019000000,world,0.098181267773,0.00185663921018,-0.00241015156747,4.18539553682e-07,1.52991272807e-05,3.25860338364e-05,-0.999999999352
342052000000,341,342052000000,world,0.098181267773,0.00185663921018,-0.00241015156747,4.18539553682e-07,1.52991272807e-05,3.25860338364e-05,-0.999999999352
342086000000,342,342085000000,world,0.0981943343389,0.00187578450394,-0.00236883300576,4.12121591964e-07,1.5019749055e-05,3.28592829593e-05,-0.999999999347
342119000000,343,342119000000,world,0.0981943343389,0.00187578450394,-0.00236883300576,4.12121591964e-07,1.5019749055e-05,3.28592829593e-05,-0.999999999347
342152000000,344,342152000000,world,0.0982081854032,0.00189519028824,-0.00232743503723,4.09339021068e-07,1.47490764014e-05,3.31357014023e-05,-0.999999999342
342185000000,345,342185000000,world,0.0982081854032,0.00189519028824,-0.00232743503723,4.09339021068e-07,1.47490764014e-05,3.31357014023e-05,-0.999999999342
342219000000,346,342219000000,world,0.0982264252961,0.0019076384557,-0.00229858164592,3.67490244013e-07,1.4470944294e-05,3.33410093156e-05,-0.999999999339
342252000000,347,342252000000,world,0.0982264252961,0.0019076384557,-0.00229858164592,3.67490244013e-07,1.4470944294e-05,3.33410093156e-05,-0.999999999339
342286000000,348,342285000000,world,0.0982264252961,0.0019076384557,-0.00229858164592,3.67490244013e-07,1.4470944294e-05,3.33410093156e-05,-0.999999999339
342319000000,349,342319000000,world,0.0982264252961,0.0019076384557,-0.00229858164592,3.67490244013e-07,1.4470944294e-05,3.33410093156e-05,-0.999999999339
342353000000,350,342352000000,world,0.0982264252961,0.0019076384557,-0.00229858164592,3.67490244013e-07,1.4470944294e-05,3.33410093156e-05,-0.999999999339
342385000000,351,342385000000,world,0.0982260815383,0.00193402228014,-0.00224319314011,3.72850007424e-07,1.43441457245e-05,3.36869335414e-05,-0.99999999933
342420000000,352,342420000000,world,0.0982260815383,0.00193402228014,-0.00224319314011,3.72850007424e-07,1.43441457245e-05,3.36869335414e-05,-0.99999999933
342452000000,353,342452000000,world,0.0982260815383,0.00193402228014,-0.00224319314011,3.72850007424e-07,1.43441457245e-05,3.36869335414e-05,-0.99999999933
342485000000,354,342485000000,world,0.0982345301548,0.00195384737792,-0.00220078042451,3.68039440368e-07,1.4152514041e-05,3.39640427584e-05,-0.999999999323
342520000000,355,342520000000,world,0.0982345301548,0.00195384737792,-0.00220078042451,3.68039440368e-07,1.4152514041e-05,3.39640427584e-05,-0.999999999323
342553000000,356,342552000000,world,0.098246861717,0.00197422114327,-0.00215850419237,3.84849595414e-07,1.3931684706e-05,3.4246284889e-05,-0.999999999316
342585000000,357,342585000000,world,0.098246861717,0.00197422114327,-0.00215850419237,3.84849595414e-07,1.3931684706e-05,3.4246284889e-05,-0.999999999316
342619000000,358,342619000000,world,0.098246861717,0.00197422114327,-0.00215850419237,3.84849595414e-07,1.3931684706e-05,3.4246284889e-05,-0.999999999316
342652000000,359,342652000000,world,0.0982565464115,0.00199407109341,-0.00211588055617,3.68078510005e-07,1.37448130255e-05,3.45298046412e-05,-0.999999999309
342685000000,360,342685000000,world,0.0982565464115,0.00199407109341,-0.00211588055617,3.68078510005e-07,1.37448130255e-05,3.45298046412e-05,-0.999999999309
342719000000,361,342719000000,world,0.0982565464115,0.00199407109341,-0.00211588055617,3.68078510005e-07,1.37448130255e-05,3.45298046412e-05,-0.999999999309
342753000000,362,342752000000,world,0.0982565464115,0.00199407109341,-0.00211588055617,3.68078510005e-07,1.37448130255e-05,3.45298046412e-05,-0.999999999309
342785000000,363,342785000000,world,0.0982698319819,0.00201492589053,-0.00207297511734,3.85338398301e-07,1.35315472496e-05,3.48197364209e-05,-0.999999999302
342819000000,364,342819000000,world,0.0982698319819,0.00201492589053,-0.00207297511734,3.85338398301e-07,1.35315472496e-05,3.48197364209e-05,-0.999999999302
342853000000,365,342853000000,world,0.0982698319819,0.00201492589053,-0.00207297511734,3.85338398301e-07,1.35315472496e-05,3.48197364209e-05,-0.999999999302
342885000000,366,342885000000,world,0.0982698319819,0.00201492589053,-0.00207297511734,3.85338398301e-07,1.35315472496e-05,3.48197364209e-05,-0.999999999302
342919000000,367,342919000000,world,0.0982743326741,0.00204226430362,-0.00201641957464,3.8399532537e-07,1.33971139762e-05,3.51877676979e-05,-0.999999999291
342953000000,368,342952000000,world,0.0982743326741,0.00204226430362,-0.00201641957464,3.8399532537e-07,1.33971139762e-05,3.51877676979e-05,-0.999999999291
342985000000,369,342985000000,world,0.0982871273274,0.00206242795675,-0.00197360748826,3.71220721052e-07,1.319805495e-05,3.54803577895e-05,-0.999999999283
343020000000,370,343019000000,world,0.0982871273274,0.00206242795675,-0.00197360748826,3.71220721052e-07,1.319805495e-05,3.54803577895e-05,-0.999999999283
343052000000,371,343052000000,world,0.0982871273274,0.00206242795675,-0.00197360748826,3.71220721052e-07,1.319805495e-05,3.54803577895e-05,-0.999999999283
343086000000,372,343085000000,world,0.0982871273274,0.00206242795675,-0.00197360748826,3.71220721052e-07,1.319805495e-05,3.54803577895e-05,-0.999999999283
343119000000,373,343119000000,world,0.0983006260931,0.002082828076,-0.00193036876339,3.58134046252e-07,1.2998155322e-05,3.57784554333e-05,-0.999999999275
343152000000,374,343152000000,world,0.0983006260931,0.002082828076,-0.00193036876339,3.58134046252e-07,1.2998155322e-05,3.57784554333e-05,-0.999999999275
343186000000,375,343185000000,world,0.0983006260931,0.002082828076,-0.00193036876339,3.58134046252e-07,1.2998155322e-05,3.57784554333e-05,-0.999999999275
343219000000,376,343219000000,world,0.0983152773925,0.00210281206517,-0.00188795855711,3.43668417391e-07,1.27956097207e-05,3.60742954734e-05,-0.999999999267
343252000000,377,343252000000,world,0.0983152773925,0.00210281206517,-0.00188795855711,3.43668417391e-07,1.27956097207e-05,3.60742954734e-05,-0.999999999267
343286000000,378,343286000000,world,0.0983152773925,0.00210281206517,-0.00188795855711,3.43668417391e-07,1.27956097207e-05,3.60742954734e-05,-0.999999999267
343320000000,379,343319000000,world,0.0983335592592,0.00212361277183,-0.00184540660091,3.53990312618e-07,1.25709080307e-05,3.63772864288e-05,-0.999999999259
343352000000,380,343352000000,world,0.0983335592592,0.00212361277183,-0.00184540660091,3.53990312618e-07,1.25709080307e-05,3.63772864288e-05,-0.999999999259
343385000000,381,343385000000,world,0.0983491192216,0.00214417725351,-0.00180207186143,3.33855442625e-07,1.23833914026e-05,3.66846022553e-05,-0.99999999925
343420000000,382,343420000000,world,0.0983491192216,0.00214417725351,-0.00180207186143,3.33855442625e-07,1.23833914026e-05,3.66846022553e-05,-0.99999999925
343453000000,383,343452000000,world,0.0983491192216,0.00214417725351,-0.00180207186143,3.33855442625e-07,1.23833914026e-05,3.66846022553e-05,-0.99999999925
343485000000,384,343485000000,world,0.0983491192216,0.00214417725351,-0.00180207186143,3.33855442625e-07,1.23833914026e-05,3.66846022553e-05,-0.99999999925
343520000000,385,343520000000,world,0.0983655860041,0.00216466077479,-0.00175951698095,3.25021046188e-07,1.21970188892e-05,3.69887428402e-05,-0.999999999241
343552000000,386,343552000000,world,0.0983655860041,0.00216466077479,-0.00175951698095,3.25021046188e-07,1.21970188892e-05,3.69887428402e-05,-0.999999999241
343585000000,387,343585000000,world,0.0983655860041,0.00216466077479,-0.00175951698095,3.25021046188e-07,1.21970188892e-05,3.69887428402e-05,-0.999999999241
343619000000,388,343619000000,world,0.0983823735555,0.00218554087679,-0.00171646567041,3.18504599361e-07,1.20180917667e-05,3.72978452512e-05,-0.999999999232
343653000000,389,343652000000,world,0.0983823735555,0.00218554087679,-0.00171646567041,3.18504599361e-07,1.20180917667e-05,3.72978452512e-05,-0.999999999232
343685000000,390,343685000000,world,0.0983823735555,0.00218554087679,-0.00171646567041,3.18504599361e-07,1.20180917667e-05,3.72978452512e-05,-0.999999999232
343719000000,391,343719000000,world,0.0983996220836,0.0022066129464,-0.00167332762382,3.13882710601e-07,1.18454217236e-05,3.7609616263e-05,-0.999999999223
343753000000,392,343752000000,world,0.0983996220836,0.0022066129464,-0.00167332762382,3.13882710601e-07,1.18454217236e-05,3.7609616263e-05,-0.999999999223
343785000000,393,343785000000,world,0.0984172238915,0.00222787471123,-0.00163007780502,3.1039352244e-07,1.16798048052e-05,3.79239108571e-05,-0.999999999213
343820000000,394,343819000000,world,0.0984172238915,0.00222787471123,-0.00163007780502,3.1039352244e-07,1.16798048052e-05,3.79239108571e-05,-0.999999999213
343852000000,395,343852000000,world,0.0984172238915,0.00222787471123,-0.00163007780502,3.1039352244e-07,1.16798048052e-05,3.79239108571e-05,-0.999999999213
343885000000,396,343885000000,world,0.0984172238915,0.00222787471123,-0.00163007780502,3.1039352244e-07,1.16798048052e-05,3.79239108571e-05,-0.999999999213
343920000000,397,343919000000,world,0.0984324352878,0.00224914527846,-0.00158643406874,2.97121185822e-07,1.15429034409e-05,3.82383320454e-05,-0.999999999202
343952000000,398,343952000000,world,0.0984324352878,0.00224914527846,-0.00158643406874,2.97121185822e-07,1.15429034409e-05,3.82383320454e-05,-0.999999999202
343986000000,399,343986000000,world,0.0984324352878,0.00224914527846,-0.00158643406874,2.97121185822e-07,1.15429034409e-05,3.82383320454e-05,-0.999999999202
344019000000,400,344019000000,world,0.0984480797762,0.00227071595665,-0.00154268308573,2.9332406859e-07,1.14071342034e-05,3.85541428507e-05,-0.999999999192
344052000000,401,344052000000,world,0.0984480797762,0.00227071595665,-0.00154268308573,2.9332406859e-07,1.14071342034e-05,3.85541428507e-05,-0.999999999192
344085000000,402,344085000000,world,0.0984480797762,0.00227071595665,-0.00154268308573,2.9332406859e-07,1.14071342034e-05,3.85541428507e-05,-0.999999999192
344119000000,403,344119000000,world,0.0984606798355,0.00230007675036,-0.0014846947241,3.02551936726e-07,1.13118034807e-05,3.89621571996e-05,-0.999999999177
344152000000,404,344152000000,world,0.0984606798355,0.00230007675036,-0.0014846947241,3.02551936726e-07,1.13118034807e-05,3.89621571996e-05,-0.999999999177
344185000000,405,344185000000,world,0.0984606798355,0.00230007675036,-0.0014846947241,3.02551936726e-07,1.13118034807e-05,3.89621571996e-05,-0.999999999177
344219000000,406,344219000000,world,0.0984780881064,0.0023218419112,-0.00144047979073,2.9323563755e-07,1.11657508817e-05,3.92869631358e-05,-0.999999999166
344253000000,407,344252000000,world,0.0984780881064,0.0023218419112,-0.00144047979073,2.9323563755e-07,1.11657508817e-05,3.92869631358e-05,-0.999999999166
344285000000,408,344285000000,world,0.0984780881064,0.0023218419112,-0.00144047979073,2.9323563755e-07,1.11657508817e-05,3.92869631358e-05,-0.999999999166
344319000000,409,344319000000,world,0.0984780881064,0.0023218419112,-0.00144047979073,2.9323563755e-07,1.11657508817e-05,3.92869631358e-05,-0.999999999166
344352000000,410,344352000000,world,0.0984932160604,0.0023511734207,-0.00138251080328,2.96027881985e-07,1.10528403138e-05,3.97032760967e-05,-0.999999999151
344385000000,411,344385000000,world,0.0984932160604,0.0023511734207,-0.00138251080328,2.96027881985e-07,1.10528403138e-05,3.97032760967e-05,-0.999999999151
344419000000,412,344419000000,world,0.0984932160604,0.0023511734207,-0.00138251080328,2.96027881985e-07,1.10528403138e-05,3.97032760967e-05,-0.999999999151
344453000000,413,344452000000,world,0.0984932160604,0.0023511734207,-0.00138251080328,2.96027881985e-07,1.10528403138e-05,3.97032760967e-05,-0.999999999151
344485000000,414,344485000000,world,0.0984932160604,0.0023511734207,-0.00138251080328,2.96027881985e-07,1.10528403138e-05,3.97032760967e-05,-0.999999999151
344519000000,415,344519000000,world,0.0985101039827,0.00238029860932,-0.00132470520401,2.92423899984e-07,1.09242871722e-05,4.01241106215e-05,-0.999999999135
344553000000,416,344553000000,world,0.0985101039827,0.00238029860932,-0.00132470520401,2.92423899984e-07,1.09242871722e-05,4.01241106215e-05,-0.999999999135
344585000000,417,344585000000,world,0.0985323987941,0.00240118101327,-0.00128139315856,2.679756268e-07,1.07402653174e-05,4.04571366735e-05,-0.999999999124
344619000000,418,344619000000,world,0.0985323987941,0.00240118101327,-0.00128139315856,2.679756268e-07,1.07402653174e-05,4.04571366735e-05,-0.999999999124
344652000000,419,344652000000,world,0.0985323987941,0.00240118101327,-0.00128139315856,2.679756268e-07,1.07402653174e-05,4.04571366735e-05,-0.999999999124
344685000000,420,344685000000,world,0.0985556458262,0.00242261452736,-0.00123767642061,2.49468103342e-07,1.05621879093e-05,4.07942198151e-05,-0.999999999112
344719000000,421,344719000000,world,0.0985556458262,0.00242261452736,-0.00123767642061,2.49468103342e-07,1.05621879093e-05,4.07942198151e-05,-0.999999999112
344753000000,422,344752000000,world,0.0985556458262,0.00242261452736,-0.00123767642061,2.49468103342e-07,1.05621879093e-05,4.07942198151e-05,-0.999999999112
344786000000,423,344785000000,world,0.0985800165982,0.00244452055724,-0.00119354942439,2.35557147177e-07,1.03878264349e-05,4.11355685379e-05,-0.9999999991
344819000000,424,344819000000,world,0.0985800165982,0.00244452055724,-0.00119354942439,2.35557147177e-07,1.03878264349e-05,4.11355685379e-05,-0.9999999991
344852000000,425,344852000000,world,0.0985800165982,0.00244452055724,-0.00119354942439,2.35557147177e-07,1.03878264349e-05,4.11355685379e-05,-0.9999999991
344885000000,426,344885000000,world,0.0985800165982,0.00244452055724,-0.00119354942439,2.35557147177e-07,1.03878264349e-05,4.11355685379e-05,-0.9999999991
344920000000,427,344919000000,world,0.0986056325245,0.0024668945203,-0.00114900619596,2.2496580554e-07,1.02163047264e-05,4.14839861444e-05,-0.999999999087
344952000000,428,344952000000,world,0.0986056325245,0.0024668945203,-0.00114900619596,2.2496580554e-07,1.02163047264e-05,4.14839861444e-05,-0.999999999087
344985000000,429,344985000000,world,0.098632554807,0.00248956432615,-0.00110404687584,2.16273733922e-07,1.00469100111e-05,4.1833981463e-05,-0.999999999074
345019000000,430,345019000000,world,0.098632554807,0.00248956432615,-0.00110404687584,2.16273733922e-07,1.00469100111e-05,4.1833981463e-05,-0.999999999074
345052000000,431,345052000000,world,0.098632554807,0.00248956432615,-0.00110404687584,2.16273733922e-07,1.00469100111e-05,4.1833981463e-05,-0.999999999074
345086000000,432,345086000000,world,0.098632554807,0.00248956432615,-0.00110404687584,2.16273733922e-07,1.00469100111e-05,4.1833981463e-05,-0.999999999074
345119000000,433,345119000000,world,0.0986608131547,0.00251280267534,-0.00105822589464,2.09764396075e-07,9.88008177522e-06,4.21904890649e-05,-0.999999999061
345153000000,434,345152000000,world,0.0986608131547,0.00251280267534,-0.00105822589464,2.09764396075e-07,9.88008177522e-06,4.21904890649e-05,-0.999999999061
345185000000,435,345185000000,world,0.0986876451569,0.00253570622047,-0.00101265972088,1.93696407413e-07,9.73461878803e-06,4.25448529983e-05,-0.999999999048
345220000000,436,345220000000,world,0.0986876451569,0.00253570622047,-0.00101265972088,1.93696407413e-07,9.73461878803e-06,4.25448529983e-05,-0.999999999048
345252000000,437,345252000000,world,0.0986876451569,0.00253570622047,-0.00101265972088,1.93696407413e-07,9.73461878803e-06,4.25448529983e-05,-0.999999999048
345286000000,438,345285000000,world,0.0986876451569,0.00253570622047,-0.00101265972088,1.93696407413e-07,9.73461878803e-06,4.25448529983e-05,-0.999999999048
345319000000,439,345319000000,world,0.0983581084531,0.00248779060659,-0.000470610921916,7.1369923915e-05,-0.000550136237055,-7.13185627183e-05,0.999999843585
345353000000,440,345353000000,world,0.0983581084531,0.00248779060659,-0.000470610921916,7.1369923915e-05,-0.000550136237055,-7.13185627183e-05,0.999999843585
345385000000,441,345385000000,world,0.0904407432267,-0.00222869100569,0.0235043590288,0.00674566499368,-0.0119932373804,-0.000263644738128,0.999905289891
345419000000,442,345419000000,world,0.0904407432267,-0.00222869100569,0.0235043590288,0.00674566499368,-0.0119932373804,-0.000263644738128,0.999905289891
345453000000,443,345453000000,world,0.0904407432267,-0.00222869100569,0.0235043590288,0.00674566499368,-0.0119932373804,-0.000263644738128,0.999905289891
345485000000,444,345485000000,world,0.0904407432267,-0.00222869100569,0.0235043590288,0.00674566499368,-0.0119932373804,-0.000263644738128,0.999905289891
345519000000,445,345519000000,world,0.0827635513596,-0.00636778278577,0.0869523758337,0.00972833250564,-0.0179328217966,-0.000429529015074,0.999791772798
345553000000,446,345552000000,world,0.0827635513596,-0.00636778278577,0.0869523758337,0.00972833250564,-0.0179328217966,-0.000429529015074,0.999791772798
345585000000,447,345585000000,world,0.0762984033486,-0.00961477359427,0.183472072187,0.00765808477321,-0.0149382454821,-0.00057174006269,0.999858927886
345619000000,448,345619000000,world,0.0762984033486,-0.00961477359427,0.183472072187,0.00765808477321,-0.0149382454821,-0.00057174006269,0.999858927886
345652000000,449,345652000000,world,0.0762984033486,-0.00961477359427,0.183472072187,0.00765808477321,-0.0149382454821,-0.00057174006269,0.999858927886
345685000000,450,345685000000,world,0.0686793702145,-0.0133746773309,0.316040019746,0.00384172845884,-0.00822760510646,-0.000694021244923,0.999958532126
345719000000,451,345719000000,world,0.0686793702145,-0.0133746773309,0.316040019746,0.00384172845884,-0.00822760510646,-0.000694021244923,0.999958532126
345752000000,452,345752000000,world,0.0686793702145,-0.0133746773309,0.316040019746,0.00384172845884,-0.00822760510646,-0.000694021244923,0.999958532126
345785000000,453,345785000000,world,0.0686793702145,-0.0133746773309,0.316040019746,0.00384172845884,-0.00822760510646,-0.000694021244923,0.999958532126
345819000000,454,345819000000,world,0.0588848080854,-0.0178535283363,0.487773607921,0.000154848093746,-0.00213017400455,-0.000703671163887,0.999997471611
345852000000,455,345852000000,world,0.0588848080854,-0.0178535283363,0.487773607921,0.000154848093746,-0.00213017400455,-0.000703671163887,0.999997471611
345885000000,456,345885000000,world,0.0588848080854,-0.0178535283363,0.487773607921,0.000154848093746,-0.00213017400455,-0.000703671163887,0.999997471611
345920000000,457,345919000000,world,0.0472171775768,-0.0230254472002,0.676168269502,0.00213945641756,-0.00108707008339,0.000658821849023,-0.999996903475
345952000000,458,345952000000,world,0.0472171775768,-0.0230254472002,0.676168269502,0.00213945641756,-0.00108707008339,0.000658821849023,-0.999996903475
345985000000,459,345985000000,world,0.0354687895937,-0.0279432483893,0.837225150865,0.00419957525034,-0.00334246272534,0.000618528299749,-0.99998540436
346020000000,460,346020000000,world,0.0354687895937,-0.0279432483893,0.837225150865,0.00419957525034,-0.00334246272534,0.000618528299749,-0.99998540436
346052000000,461,346052000000,world,0.0354687895937,-0.0279432483893,0.837225150865,0.00419957525034,-0.00334246272534,0.000618528299749,-0.99998540436
346086000000,462,346085000000,world,0.0354687895937,-0.0279432483893,0.837225150865,0.00419957525034,-0.00334246272534,0.000618528299749,-0.99998540436
346119000000,463,346119000000,world,0.0247389013935,-0.0322320746257,0.975767231014,0.00619303890465,-0.00598379834487,0.000501765360216,-0.999962793637
346152000000,464,346152000000,world,0.0247389013935,-0.0322320746257,0.975767231014,0.00619303890465,-0.00598379834487,0.000501765360216,-0.999962793637
346185000000,465,346185000000,world,0.0247389013935,-0.0322320746257,0.975767231014,0.00619303890465,-0.00598379834487,0.000501765360216,-0.999962793637
346219000000,466,346219000000,world,0.0247389013935,-0.0322320746257,0.975767231014,0.00619303890465,-0.00598379834487,0.000501765360216,-0.999962793637
346252000000,467,346252000000,world,0.0100004421488,-0.0379691783667,1.13546654203,0.0061659556693,-0.00568761226181,0.000324116947959,-0.999964762882
346286000000,468,346286000000,world,0.0100004421488,-0.0379691783667,1.13546654203,0.0061659556693,-0.00568761226181,0.000324116947959,-0.999964762882
346320000000,469,346319000000,world,0.0100004421488,-0.0379691783667,1.13546654203,0.0061659556693,-0.00568761226181,0.000324116947959,-0.999964762882
346353000000,470,346353000000,world,0.0100004421488,-0.0379691783667,1.13546654203,0.0061659556693,-0.00568761226181,0.000324116947959,-0.999964762882
346385000000,471,346385000000,world,-0.00299746338482,-0.0422479691011,1.26963693712,0.00559183184567,-0.00440284047764,0.00031635911785,-0.999974622843
346419000000,472,346419000000,world,-0.00299746338482,-0.0422479691011,1.26963693712,0.00559183184567,-0.00440284047764,0.00031635911785,-0.999974622843
346452000000,473,346452000000,world,-0.0117969691427,-0.044585305365,1.35870745713,0.00515933345257,-0.00319718022481,0.00032871440655,-0.999981525461
346485000000,474,346485000000,world,-0.0117969691427,-0.044585305365,1.35870745713,0.00515933345257,-0.00319718022481,0.00032871440655,-0.999981525461
346519000000,475,346519000000,world,-0.0117969691427,-0.044585305365,1.35870745713,0.00515933345257,-0.00319718022481,0.00032871440655,-0.999981525461
346552000000,476,346552000000,world,-0.0117969691427,-0.044585305365,1.35870745713,0.00515933345257,-0.00319718022481,0.00032871440655,-0.999981525461
346586000000,477,346585000000,world,-0.0195952616701,-0.0461739138895,1.44056409806,0.00484686364739,-0.00232483263625,0.000311403360601,-0.999985502942
346619000000,478,346619000000,world,-0.0195952616701,-0.0461739138895,1.44056409806,0.00484686364739,-0.00232483263625,0.000311403360601,-0.999985502942
346653000000,479,346653000000,world,-0.0195952616701,-0.0461739138895,1.44056409806,0.00484686364739,-0.00232483263625,0.000311403360601,-0.999985502942
346685000000,480,346685000000,world,-0.0265904921925,-0.046668252937,1.51619337926,0.00453519262166,-0.00214222685034,0.000265673187739,-0.999987386075
346719000000,481,346719000000,world,-0.0265904921925,-0.046668252937,1.51619337926,0.00453519262166,-0.00214222685034,0.000265673187739,-0.999987386075
346752000000,482,346752000000,world,-0.0324171191289,-0.0463633275419,1.5870845417,0.00395163816875,-0.00243476787012,0.000268168776955,-0.999989192215
346785000000,483,346785000000,world,-0.0324171191289,-0.0463633275419,1.5870845417,0.00395163816875,-0.00243476787012,0.000268168776955,-0.999989192215
346819000000,484,346819000000,world,-0.0324171191289,-0.0463633275419,1.5870845417,0.00395163816875,-0.00243476787012,0.000268168776955,-0.999989192215
346854000000,485,346854000000,world,-0.0368636770706,-0.045051080589,1.65239699916,0.00348796989329,-0.0029152567098,0.000270276359822,-0.999989631094
346885000000,486,346885000000,world,-0.0368636770706,-0.045051080589,1.65239699916,0.00348796989329,-0.0029152567098,0.000270276359822,-0.999989631094
346919000000,487,346919000000,world,-0.0368636770706,-0.045051080589,1.65239699916,0.00348796989329,-0.0029152567098,0.000270276359822,-0.999989631094
346952000000,488,346952000000,world,-0.0368636770706,-0.045051080589,1.65239699916,0.00348796989329,-0.0029152567098,0.000270276359822,-0.999989631094
346985000000,489,346985000000,world,-0.0387881453165,-0.0426472111144,1.71494997162,0.00291740056477,-0.00337001859642,0.000328842899774,-0.999990011756
347020000000,490,347019000000,world,-0.0387881453165,-0.0426472111144,1.71494997162,0.00291740056477,-0.00337001859642,0.000328842899774,-0.999990011756
347052000000,491,347052000000,world,-0.0387881453165,-0.0426472111144,1.71494997162,0.00291740056477,-0.00337001859642,0.000328842899774,-0.999990011756
347085000000,492,347085000000,world,-0.0399590100478,-0.0393692858059,1.77371283589,0.0026103213896,-0.00357472062471,0.000411477309438,-0.999990119092
347120000000,493,347119000000,world,-0.0399590100478,-0.0393692858059,1.77371283589,0.0026103213896,-0.00357472062471,0.000411477309438,-0.999990119092
347152000000,494,347152000000,world,-0.0405658347429,-0.0355356616125,1.82919776197,0.00229742684627,-0.00316127129017,0.000450845067102,-0.999992262436
347186000000,495,347185000000,world,-0.0405658347429,-0.0355356616125,1.82919776197,0.00229742684627,-0.00316127129017,0.000450845067102,-0.999992262436
347219000000,496,347219000000,world,-0.0405658347429,-0.0355356616125,1.82919776197,0.00229742684627,-0.00316127129017,0.000450845067102,-0.999992262436
347252000000,497,347252000000,world,-0.0410678945335,-0.0314446710327,1.88188150413,0.00190982744712,-0.00210607742571,0.000470704651736,-0.999995847708
347285000000,498,347285000000,world,-0.0410678945335,-0.0314446710327,1.88188150413,0.00190982744712,-0.00210607742571,0.000470704651736,-0.999995847708
347319000000,499,347319000000,world,-0.0410678945335,-0.0314446710327,1.88188150413,0.00190982744712,-0.00210607742571,0.000470704651736,-0.999995847708
347352000000,500,347352000000,world,-0.041530168727,-0.0267622610451,1.9318841713,0.00135782868146,-0.000353902742284,0.000424499537607,-0.999998925427
347385000000,501,347385000000,world,-0.041530168727,-0.0267622610451,1.9318841713,0.00135782868146,-0.000353902742284,0.000424499537607,-0.999998925427
347420000000,502,347419000000,world,-0.041530168727,-0.0267622610451,1.9318841713,0.00135782868146,-0.000353902742284,0.000424499537607,-0.999998925427
347452000000,503,347452000000,world,-0.0399036408931,-0.0241886420664,1.96323421499,0.00322571600658,0.00350250336808,0.000755146506333,0.999988378423
347486000000,504,347485000000,world,-0.0399036408931,-0.0241886420664,1.96323421499,0.00322571600658,0.00350250336808,0.000755146506333,0.999988378423
347520000000,505,347519000000,world,-0.0399036408931,-0.0241886420664,1.96323421499,0.00322571600658,0.00350250336808,0.000755146506333,0.999988378423
347554000000,506,347553000000,world,-0.0399036408931,-0.0241886420664,1.96323421499,0.00322571600658,0.00350250336808,0.000755146506333,0.999988378423
347585000000,507,347585000000,world,-0.0228896648678,-0.0220488317625,1.95512401762,0.0101244450862,0.0335574722427,0.00576618928442,0.999368872204
347619000000,508,347619000000,world,-0.0228896648678,-0.0220488317625,1.95512401762,0.0101244450862,0.0335574722427,0.00576618928442,0.999368872204
347652000000,509,347652000000,world,-0.0228896648678,-0.0220488317625,1.95512401762,0.0101244450862,0.0335574722427,0.00576618928442,0.999368872204
347685000000,510,347685000000,world,0.0147384782438,-0.017472343729,1.94326365371,-0.010429691871,-0.0825468271044,-0.0112204738366,-0.996469439486
347719000000,511,347719000000,world,0.0147384782438,-0.017472343729,1.94326365371,-0.010429691871,-0.0825468271044,-0.0112204738366,-0.996469439486
347752000000,512,347752000000,world,0.0147384782438,-0.017472343729,1.94326365371,-0.010429691871,-0.0825468271044,-0.0112204738366,-0.996469439486
347785000000,513,347785000000,world,0.0147384782438,-0.017472343729,1.94326365371,-0.010429691871,-0.0825468271044,-0.0112204738366,-0.996469439486
347819000000,514,347819000000,world,0.0147384782438,-0.017472343729,1.94326365371,-0.010429691871,-0.0825468271044,-0.0112204738366,-0.996469439486
347852000000,515,347852000000,world,0.067247434635,-0.00169576200836,1.93588086718,0.015041237877,-0.11408610033,-0.0161156926158,-0.993226261899
347886000000,516,347885000000,world,0.067247434635,-0.00169576200836,1.93588086718,0.015041237877,-0.11408610033,-0.0161156926158,-0.993226261899
347919000000,517,347919000000,world,0.067247434635,-0.00169576200836,1.93588086718,0.015041237877,-0.11408610033,-0.0161156926158,-0.993226261899
347952000000,518,347952000000,world,0.067247434635,-0.00169576200836,1.93588086718,0.015041237877,-0.11408610033,-0.0161156926158,-0.993226261899
347986000000,519,347986000000,world,0.147317171176,0.010045051202,1.93167648527,0.0265561651345,-0.131097094205,-0.0195696276931,-0.990820544628
348020000000,520,348020000000,world,0.147317171176,0.010045051202,1.93167648527,0.0265561651345,-0.131097094205,-0.0195696276931,-0.990820544628
348052000000,521,348052000000,world,0.147317171176,0.010045051202,1.93167648527,0.0265561651345,-0.131097094205,-0.0195696276931,-0.990820544628
348085000000,522,348085000000,world,0.230553496229,0.0190964051499,1.93303321438,0.0264288994726,-0.1366941026,-0.0209165833501,-0.990039762902
348120000000,523,348119000000,world,0.230553496229,0.0190964051499,1.93303321438,0.0264288994726,-0.1366941026,-0.0209165833501,-0.990039762902
348152000000,524,348152000000,world,0.230553496229,0.0190964051499,1.93303321438,0.0264288994726,-0.1366941026,-0.0209165833501,-0.990039762902
348185000000,525,348185000000,world,0.336589585953,0.0365511269041,1.93075402069,0.0323187752083,-0.141614671279,-0.0222778638439,-0.989143305305
348219000000,526,348219000000,world,0.336589585953,0.0365511269041,1.93075402069,0.0323187752083,-0.141614671279,-0.0222778638439,-0.989143305305
348252000000,527,348252000000,world,0.422123105369,0.0483432828388,1.9297998356,0.0310049646186,-0.145034959448,-0.0224240102445,-0.988686358999
348285000000,528,348285000000,world,0.422123105369,0.0483432828388,1.9297998356,0.0310049646186,-0.145034959448,-0.0224240102445,-0.988686358999
348319000000,529,348319000000,world,0.422123105369,0.0483432828388,1.9297998356,0.0310049646186,-0.145034959448,-0.0224240102445,-0.988686358999
348352000000,530,348352000000,world,0.422123105369,0.0483432828388,1.9297998356,0.0310049646186,-0.145034959448,-0.0224240102445,-0.988686358999
348385000000,531,348385000000,world,0.625167762488,0.0732909298364,1.93111057884,0.0178510883306,-0.149933474701,-0.0208079516467,-0.988315901399
348420000000,532,348419000000,world,0.625167762488,0.0732909298364,1.93111057884,0.0178510883306,-0.149933474701,-0.0208079516467,-0.988315901399
348452000000,533,348452000000,world,0.808985999186,0.0983565615595,1.93198262343,0.0122501384918,-0.153824542913,-0.0193455858255,-0.987832826147
348485000000,534,348485000000,world,0.808985999186,0.0983565615595,1.93198262343,0.0122501384918,-0.153824542913,-0.0193455858255,-0.987832826147
348519000000,535,348519000000,world,0.808985999186,0.0983565615595,1.93198262343,0.0122501384918,-0.153824542913,-0.0193455858255,-0.987832826147
348552000000,536,348552000000,world,0.808985999186,0.0983565615595,1.93198262343,0.0122501384918,-0.153824542913,-0.0193455858255,-0.987832826147
348585000000,537,348585000000,world,1.01909982703,0.142080612134,1.92866666189,0.0339967044251,-0.15986648247,-0.021764092009,-0.986312960561
348620000000,538,348619000000,world,1.01909982703,0.142080612134,1.92866666189,0.0339967044251,-0.15986648247,-0.021764092009,-0.986312960561
348652000000,539,348652000000,world,1.17582041897,0.178699231029,1.92673956428,0.0548856706227,-0.162457833168,-0.0250920620459,-0.984868216578
348685000000,540,348685000000,world,1.17582041897,0.178699231029,1.92673956428,0.0548856706227,-0.162457833168,-0.0250920620459,-0.984868216578
348719000000,541,348719000000,world,1.17582041897,0.178699231029,1.92673956428,0.0548856706227,-0.162457833168,-0.0250920620459,-0.984868216578
348753000000,542,348753000000,world,1.17582041897,0.178699231029,1.92673956428,0.0548856706227,-0.162457833168,-0.0250920620459,-0.984868216578
348785000000,543,348785000000,world,1.5151748464,0.257943319809,1.92366222652,0.0797544051618,-0.168287750017,-0.0317031149498,-0.981994592935
348819000000,544,348819000000,world,1.5151748464,0.257943319809,1.92366222652,0.0797544051618,-0.168287750017,-0.0317031149498,-0.981994592935
348853000000,545,348852000000,world,1.70886351791,0.294211017427,1.92467176935,0.0679602629317,-0.171395363624,-0.0317416534618,-0.98234286246
348885000000,546,348885000000,world,1.70886351791,0.294211017427,1.92467176935,0.0679602629317,-0.171395363624,-0.0317416534618,-0.98234286246
348919000000,547,348919000000,world,1.70886351791,0.294211017427,1.92467176935,0.0679602629317,-0.171395363624,-0.0317416534618,-0.98234286246
348952000000,548,348952000000,world,2.1221584514,0.35642109479,1.92975982581,0.00730521068179,-0.177476182063,-0.0226032612162,-0.98383836644
348986000000,549,348985000000,world,2.1221584514,0.35642109479,1.92975982581,0.00730521068179,-0.177476182063,-0.0226032612162,-0.98383836644
349019000000,550,349019000000,world,2.1221584514,0.35642109479,1.92975982581,0.00730521068179,-0.177476182063,-0.0226032612162,-0.98383836644
349052000000,551,349052000000,world,2.1221584514,0.35642109479,1.92975982581,0.00730521068179,-0.177476182063,-0.0226032612162,-0.98383836644
349086000000,552,349085000000,world,2.46360483641,0.410668781467,1.92651462948,0.0242831021687,0.180683451025,0.0138203177248,0.983144353741
349119000000,553,349119000000,world,2.46360483641,0.410668781467,1.92651462948,0.0242831021687,0.180683451025,0.0138203177248,0.983144353741
349152000000,554,349152000000,world,2.70919798319,0.463038574088,1.91828374109,0.0137793892641,0.183539780721,0.0119962833599,0.982842493236
349185000000,555,349185000000,world,2.70919798319,0.463038574088,1.91828374109,0.0137793892641,0.183539780721,0.0119962833599,0.982842493236
349219000000,556,349219000000,world,2.70919798319,0.463038574088,1.91828374109,0.0137793892641,0.183539780721,0.0119962833599,0.982842493236
349252000000,557,349252000000,world,3.09253936628,0.55410079201,1.9034001748,0.028744697387,-0.189134568193,-0.0161470100306,-0.981397540018
349285000000,558,349285000000,world,3.09253936628,0.55410079201,1.9034001748,0.028744697387,-0.189134568193,-0.0161470100306,-0.981397540018
349320000000,559,349320000000,world,3.09253936628,0.55410079201,1.9034001748,0.028744697387,-0.189134568193,-0.0161470100306,-0.981397540018
349353000000,560,349352000000,world,3.09253936628,0.55410079201,1.9034001748,0.028744697387,-0.189134568193,-0.0161470100306,-0.981397540018
349385000000,561,349385000000,world,3.64419654457,0.669209491504,1.88873732691,0.0576941180617,-0.194436115426,-0.0239477367298,-0.978924150108
349419000000,562,349419000000,world,3.64419654457,0.669209491504,1.88873732691,0.0576941180617,-0.194436115426,-0.0239477367298,-0.978924150108
349452000000,563,349452000000,world,3.64419654457,0.669209491504,1.88873732691,0.0576941180617,-0.194436115426,-0.0239477367298,-0.978924150108
349486000000,564,349485000000,world,4.0885483343,0.737848746198,1.87909853951,0.0322462725368,-0.201244910013,-0.0225117901683,-0.978751185647
349520000000,565,349519000000,world,4.0885483343,0.737848746198,1.87909853951,0.0322462725368,-0.201244910013,-0.0225117901683,-0.978751185647
349552000000,566,349552000000,world,4.0885483343,0.737848746198,1.87909853951,0.0322462725368,-0.201244910013,-0.0225117901683,-0.978751185647
349585000000,567,349585000000,world,4.56653107705,0.797881098055,1.86881510115,-0.0134943494676,-0.208857100704,-0.0138750703864,-0.977754619749
349619000000,568,349619000000,world,4.56653107705,0.797881098055,1.86881510115,-0.0134943494676,-0.208857100704,-0.0138750703864,-0.977754619749
349652000000,569,349652000000,world,4.56653107705,0.797881098055,1.86881510115,-0.0134943494676,-0.208857100704,-0.0138750703864,-0.977754619749
349685000000,570,349685000000,world,5.07159991519,0.853650278226,1.85686281291,0.0547438972608,0.213622384168,0.00167829441229,0.975379806036
349719000000,571,349719000000,world,5.07159991519,0.853650278226,1.85686281291,0.0547438972608,0.213622384168,0.00167829441229,0.975379806036
349752000000,572,349752000000,world,5.07159991519,0.853650278226,1.85686281291,0.0547438972608,0.213622384168,0.00167829441229,0.975379806036
349786000000,573,349786000000,world,5.60278164253,0.924258103289,1.83588696213,0.0509358161358,0.219681081877,-0.00379862628779,0.974233716999
349819000000,574,349819000000,world,5.60278164253,0.924258103289,1.83588696213,0.0509358161358,0.219681081877,-0.00379862628779,0.974233716999
349852000000,575,349852000000,world,6.16250274127,1.0078852913,1.81002346635,0.00492335472939,0.226726660384,0.0017652852838,0.973944385382
349886000000,576,349886000000,world,6.16250274127,1.0078852913,1.81002346635,0.00492335472939,0.226726660384,0.0017652852838,0.973944385382
349920000000,577,349919000000,world,6.16250274127,1.0078852913,1.81002346635,0.00492335472939,0.226726660384,0.0017652852838,0.973944385382
349952000000,578,349952000000,world,6.75063564878,1.09431658148,1.78849557071,0.0477542928352,-0.228266073389,-0.0149441610777,-0.972312089458
349985000000,579,349985000000,world,6.75063564878,1.09431658148,1.78849557071,0.0477542928352,-0.228266073389,-0.0149441610777,-0.972312089458
350019000000,580,350019000000,world,6.75063564878,1.09431658148,1.78849557071,0.0477542928352,-0.228266073389,-0.0149441610777,-0.972312089458
350053000000,581,350052000000,world,7.36859853119,1.16404085133,1.77132432014,0.0565592811596,-0.227440470583,-0.0231068367852,-0.971873424963
350085000000,582,350085000000,world,7.36859853119,1.16404085133,1.77132432014,0.0565592811596,-0.227440470583,-0.0231068367852,-0.971873424963
350119000000,583,350119000000,world,7.36859853119,1.16404085133,1.77132432014,0.0565592811596,-0.227440470583,-0.0231068367852,-0.971873424963
350152000000,584,350152000000,world,8.01983094255,1.21434367066,1.75276018293,0.0181451718089,-0.233166377949,-0.0199871406434,-0.972062090169
350185000000,585,350185000000,world,8.01983094255,1.21434367066,1.75276018293,0.0181451718089,-0.233166377949,-0.0199871406434,-0.972062090169
350220000000,586,350219000000,world,8.01983094255,1.21434367066,1.75276018293,0.0181451718089,-0.233166377949,-0.0199871406434,-0.972062090169
350252000000,587,350252000000,world,8.01983094255,1.21434367066,1.75276018293,0.0181451718089,-0.233166377949,-0.0199871406434,-0.972062090169
350285000000,588,350285000000,world,8.69778111531,1.2565599302,1.74078016056,0.0322313268115,0.228451358372,0.00813031824603,0.972987675336
350320000000,589,350320000000,world,8.69778111531,1.2565599302,1.74078016056,0.0322313268115,0.228451358372,0.00813031824603,0.972987675336
350353000000,590,350352000000,world,9.38350314848,1.29281701172,1.74536909791,0.0723658656024,0.184276268918,-0.00639236761939,0.980185990435
350385000000,591,350385000000,world,9.38350314848,1.29281701172,1.74536909791,0.0723658656024,0.184276268918,-0.00639236761939,0.980185990435
350419000000,592,350419000000,world,9.38350314848,1.29281701172,1.74536909791,0.0723658656024,0.184276268918,-0.00639236761939,0.980185990435
350452000000,593,350452000000,world,10.0787966944,1.3406747028,1.73945412312,0.0657303435476,0.14045847873,-0.0141322968169,0.987801202609
350486000000,594,350485000000,world,10.0787966944,1.3406747028,1.73945412312,0.0657303435476,0.14045847873,-0.0141322968169,0.987801202609
350519000000,595,350519000000,world,10.0787966944,1.3406747028,1.73945412312,0.0657303435476,0.14045847873,-0.0141322968169,0.987801202609
350552000000,596,350552000000,world,10.8024667224,1.39518275185,1.70392153491,0.0301752243367,0.149001360616,-0.0131257725899,0.988289312127
350586000000,597,350586000000,world,10.8024667224,1.39518275185,1.70392153491,0.0301752243367,0.149001360616,-0.0131257725899,0.988289312127
350619000000,598,350619000000,world,10.8024667224,1.39518275185,1.70392153491,0.0301752243367,0.149001360616,-0.0131257725899,0.988289312127
350652000000,599,350652000000,world,11.5445571193,1.41950021916,1.66553497415,0.0305959741867,0.180828824207,-0.0152966514657,0.982919546633
350686000000,600,350685000000,world,11.5445571193,1.41950021916,1.66553497415,0.0305959741867,0.180828824207,-0.0152966514657,0.982919546633
350719000000,601,350719000000,world,11.5445571193,1.41950021916,1.66553497415,0.0305959741867,0.180828824207,-0.0152966514657,0.982919546633
350752000000,602,350752000000,world,12.3041161758,1.42057185216,1.63580698481,0.0529131644978,0.204831839667,-0.0246109703675,0.977055993595
350785000000,603,350785000000,world,12.3041161758,1.42057185216,1.63580698481,0.0529131644978,0.204831839667,-0.0246109703675,0.977055993595
350820000000,604,350819000000,world,12.3041161758,1.42057185216,1.63580698481,0.0529131644978,0.204831839667,-0.0246109703675,0.977055993595
350853000000,605,350852000000,world,12.3041161758,1.42057185216,1.63580698481,0.0529131644978,0.204831839667,-0.0246109703675,0.977055993595
350886000000,606,350886000000,world,13.3176607558,1.41104122269,1.60459223409,0.0629969183848,0.207834894837,-0.0402880248756,0.975301450739
350920000000,607,350919000000,world,13.3176607558,1.41104122269,1.60459223409,0.0629969183848,0.207834894837,-0.0402880248756,0.975301450739
350952000000,608,350952000000,world,13.3176607558,1.41104122269,1.60459223409,0.0629969183848,0.207834894837,-0.0402880248756,0.975301450739
350985000000,609,350985000000,world,14.1035115206,1.41911933762,1.57701445376,0.0198202582112,0.201927676446,-0.0448696526415,0.97817129641
351019000000,610,351019000000,world,14.1035115206,1.41911933762,1.57701445376,0.0198202582112,0.201927676446,-0.0448696526415,0.97817129641
351053000000,611,351053000000,world,14.1035115206,1.41911933762,1.57701445376,0.0198202582112,0.201927676446,-0.0448696526415,0.97817129641
351086000000,612,351085000000,world,14.8794015585,1.43236090782,1.55648011377,-0.0361184613024,0.174883697233,-0.0439584737247,0.98294394641
351120000000,613,351119000000,world,14.8794015585,1.43236090782,1.55648011377,-0.0361184613024,0.174883697233,-0.0439584737247,0.98294394641
351152000000,614,351152000000,world,14.8794015585,1.43236090782,1.55648011377,-0.0361184613024,0.174883697233,-0.0439584737247,0.98294394641
351185000000,615,351185000000,world,15.6641596585,1.44561104867,1.54114407719,0.0783266693186,-0.132949049135,0.0423151838937,-0.987116461427
351219000000,616,351219000000,world,15.6641596585,1.44561104867,1.54114407719,0.0783266693186,-0.132949049135,0.0423151838937,-0.987116461427
351252000000,617,351252000000,world,15.6641596585,1.44561104867,1.54114407719,0.0783266693186,-0.132949049135,0.0423151838937,-0.987116461427
351285000000,618,351285000000,world,15.6641596585,1.44561104867,1.54114407719,0.0783266693186,-0.132949049135,0.0423151838937,-0.987116461427
351319000000,619,351319000000,world,16.7234173583,1.44043832786,1.51296061197,0.0499558977093,-0.116675862403,0.0359490014211,-0.991261227282
351352000000,620,351352000000,world,16.7234173583,1.44043832786,1.51296061197,0.0499558977093,-0.116675862403,0.0359490014211,-0.991261227282
351385000000,621,351385000000,world,16.7234173583,1.44043832786,1.51296061197,0.0499558977093,-0.116675862403,0.0359490014211,-0.991261227282
351419000000,622,351419000000,world,16.7234173583,1.44043832786,1.51296061197,0.0499558977093,-0.116675862403,0.0359490014211,-0.991261227282
351452000000,623,351452000000,world,17.8116133316,1.42031351269,1.47394200397,0.0257935705401,0.153107450461,-0.0336087434852,0.98730099397
351485000000,624,351485000000,world,17.8116133316,1.42031351269,1.47394200397,0.0257935705401,0.153107450461,-0.0336087434852,0.98730099397
351519000000,625,351519000000,world,17.8116133316,1.42031351269,1.47394200397,0.0257935705401,0.153107450461,-0.0336087434852,0.98730099397
351553000000,626,351552000000,world,17.8116133316,1.42031351269,1.47394200397,0.0257935705401,0.153107450461,-0.0336087434852,0.98730099397
351585000000,627,351585000000,world,17.8116133316,1.42031351269,1.47394200397,0.0257935705401,0.153107450461,-0.0336087434852,0.98730099397
351619000000,628,351619000000,world,18.9000318026,1.41095479131,1.44111065919,0.0610319181376,0.176432706504,-0.0354180395155,0.981780101408
351653000000,629,351652000000,world,18.9000318026,1.41095479131,1.44111065919,0.0610319181376,0.176432706504,-0.0354180395155,0.981780101408
351685000000,630,351685000000,world,19.7067124481,1.41164000236,1.41710112837,0.0441744783847,0.180283033574,-0.0401529613918,0.981801600608
351720000000,631,351719000000,world,19.7067124481,1.41164000236,1.41710112837,0.0441744783847,0.180283033574,-0.0401529613918,0.981801600608
351753000000,632,351753000000,world,19.7067124481,1.41164000236,1.41710112837,0.0441744783847,0.180283033574,-0.0401529613918,0.981801600608
351786000000,633,351785000000,world,20.5284147208,1.41351815346,1.38939754932,0.00822204143308,0.18100667876,-0.0427597235528,0.982517473799
351819000000,634,351819000000,world,20.5284147208,1.41351815346,1.38939754932,0.00822204143308,0.18100667876,-0.0427597235528,0.982517473799
351852000000,635,351852000000,world,20.5284147208,1.41351815346,1.38939754932,0.00822204143308,0.18100667876,-0.0427597235528,0.982517473799
351886000000,636,351885000000,world,21.3632861142,1.41517016135,1.36118984183,-0.0333915756841,0.174215259343,-0.04278487136,0.983210812017
351919000000,637,351919000000,world,21.3632861142,1.41517016135,1.36118984183,-0.0333915756841,0.174215259343,-0.04278487136,0.983210812017
351952000000,638,351952000000,world,21.3632861142,1.41517016135,1.36118984183,-0.0333915756841,0.174215259343,-0.04278487136,0.983210812017
351985000000,639,351985000000,world,22.1898856019,1.39671502538,1.34023956708,-0.0272013033494,0.153515455356,-0.0458314288384,0.986707947771
352019000000,640,352019000000,world,22.1898856019,1.39671502538,1.34023956708,-0.0272013033494,0.153515455356,-0.0458314288384,0.986707947771
352052000000,641,352052000000,world,22.1898856019,1.39671502538,1.34023956708,-0.0272013033494,0.153515455356,-0.0458314288384,0.986707947771
352085000000,642,352085000000,world,23.0109002269,1.36600054579,1.32187588542,0.0122167349391,0.135453507407,-0.0469471647683,0.989595403404
352119000000,643,352119000000,world,23.0109002269,1.36600054579,1.32187588542,0.0122167349391,0.135453507407,-0.0469471647683,0.989595403404
352152000000,644,352152000000,world,23.0109002269,1.36600054579,1.32187588542,0.0122167349391,0.135453507407,-0.0469471647683,0.989595403404
352185000000,645,352185000000,world,23.8435007441,1.32712052653,1.30113852275,0.0580478741793,0.128587079497,-0.0471066807051,0.988876518036
352219000000,646,352219000000,world,23.8435007441,1.32712052653,1.30113852275,0.0580478741793,0.128587079497,-0.0471066807051,0.988876518036
352252000000,647,352252000000,world,23.8435007441,1.32712052653,1.30113852275,0.0580478741793,0.128587079497,-0.0471066807051,0.988876518036
352286000000,648,352286000000,world,24.6776281956,1.27799964791,1.27859629446,0.0936908071641,0.130768714409,-0.0541447448017,0.985489686702
352319000000,649,352319000000,world,24.6776281956,1.27799964791,1.27859629446,0.0936908071641,0.130768714409,-0.0541447448017,0.985489686702
352353000000,650,352352000000,world,24.6776281956,1.27799964791,1.27859629446,0.0936908071641,0.130768714409,-0.0541447448017,0.985489686702
352385000000,651,352385000000,world,25.5118254775,1.23363152538,1.25376177578,0.0831623192564,0.138805754097,-0.0638625393733,0.984753048916
352419000000,652,352419000000,world,25.5118254775,1.23363152538,1.25376177578,0.0831623192564,0.138805754097,-0.0638625393733,0.984753048916
352452000000,653,352452000000,world,25.5118254775,1.23363152538,1.25376177578,0.0831623192564,0.138805754097,-0.0638625393733,0.984753048916
352486000000,654,352486000000,world,26.3493184978,1.20418017881,1.22577570073,0.027783449181,0.153917141229,-0.0677850735172,0.985364286645
352519000000,655,352519000000,world,26.3493184978,1.20418017881,1.22577570073,0.027783449181,0.153917141229,-0.0677850735172,0.985364286645
352552000000,656,352552000000,world,26.3493184978,1.20418017881,1.22577570073,0.027783449181,0.153917141229,-0.0677850735172,0.985364286645
352586000000,657,352585000000,world,27.1839936859,1.1604053612,1.19903759817,-0.0306138092904,0.164224186731,-0.06636697361,0.983711663033
352619000000,658,352619000000,world,27.1839936859,1.1604053612,1.19903759817,-0.0306138092904,0.164224186731,-0.06636697361,0.983711663033
352652000000,659,352652000000,world,27.1839936859,1.1604053612,1.19903759817,-0.0306138092904,0.164224186731,-0.06636697361,0.983711663033
352686000000,660,352686000000,world,28.0175310459,1.11460225782,1.18020906852,-0.0607623674667,0.160236604778,-0.0642888083469,0.983106868204
352719000000,661,352719000000,world,28.0175310459,1.11460225782,1.18020906852,-0.0607623674667,0.160236604778,-0.0642888083469,0.983106868204
352752000000,662,352752000000,world,28.0175310459,1.11460225782,1.18020906852,-0.0607623674667,0.160236604778,-0.0642888083469,0.983106868204
352785000000,663,352785000000,world,28.8425114696,1.05725316016,1.17199070272,-0.0459607032222,0.1335714877,-0.0608299850196,0.988102213516
352819000000,664,352819000000,world,28.8425114696,1.05725316016,1.17199070272,-0.0459607032222,0.1335714877,-0.0608299850196,0.988102213516
352852000000,665,352852000000,world,28.8425114696,1.05725316016,1.17199070272,-0.0459607032222,0.1335714877,-0.0608299850196,0.988102213516
352886000000,666,352885000000,world,29.6733188629,1.00111119961,1.15675886757,-0.0175210744378,0.12396987006,-0.0562369472736,0.990536162404
352919000000,667,352919000000,world,29.6733188629,1.00111119961,1.15675886757,-0.0175210744378,0.12396987006,-0.0562369472736,0.990536162404
352952000000,668,352952000000,world,29.6733188629,1.00111119961,1.15675886757,-0.0175210744378,0.12396987006,-0.0562369472736,0.990536162404
352985000000,669,352985000000,world,29.6733188629,1.00111119961,1.15675886757,-0.0175210744378,0.12396987006,-0.0562369472736,0.990536162404
353019000000,670,353019000000,world,30.7872682313,0.937932493961,1.12594663742,0.00683009845299,0.139848800988,-0.049468508761,0.988912801645
353052000000,671,353052000000,world,30.7872682313,0.937932493961,1.12594663742,0.00683009845299,0.139848800988,-0.049468508761,0.988912801645
353085000000,672,353085000000,world,30.7872682313,0.937932493961,1.12594663742,0.00683009845299,0.139848800988,-0.049468508761,0.988912801645
353119000000,673,353119000000,world,30.7872682313,0.937932493961,1.12594663742,0.00683009845299,0.139848800988,-0.049468508761,0.988912801645
353153000000,674,353153000000,world,31.8986845376,0.875303566062,1.10227362824,0.0259292648974,0.151944167669,-0.0417352324343,0.987167064638
353186000000,675,353185000000,world,31.8986845376,0.875303566062,1.10227362824,0.0259292648974,0.151944167669,-0.0417352324343,0.987167064638
353220000000,676,353219000000,world,31.8986845376,0.875303566062,1.10227362824,0.0259292648974,0.151944167669,-0.0417352324343,0.987167064638
353252000000,677,353252000000,world,32.7314785973,0.813535571355,1.08950318252,0.0541519631618,0.151892692508,-0.0375432979661,0.986198091474
353285000000,678,353285000000,world,32.7314785973,0.813535571355,1.08950318252,0.0541519631618,0.151892692508,-0.0375432979661,0.986198091474
353320000000,679,353319000000,world,32.7314785973,0.813535571355,1.08950318252,0.0541519631618,0.151892692508,-0.0375432979661,0.986198091474
353353000000,680,353353000000,world,33.5648267041,0.737332855468,1.0766594731,0.0795576609274,0.149217366872,-0.0421311775216,0.984697780993
353385000000,681,353385000000,world,33.5648267041,0.737332855468,1.0766594731,0.0795576609274,0.149217366872,-0.0421311775216,0.984697780993
353419000000,682,353419000000,world,33.5648267041,0.737332855468,1.0766594731,0.0795576609274,0.149217366872,-0.0421311775216,0.984697780993
353452000000,683,353452000000,world,34.4011679802,0.671471806489,1.05631533445,0.0575319192313,0.151732517013,-0.0489987936969,0.985528507841
353485000000,684,353485000000,world,34.4011679802,0.671471806489,1.05631533445,0.0575319192313,0.151732517013,-0.0489987936969,0.985528507841
353520000000,685,353519000000,world,34.4011679802,0.671471806489,1.05631533445,0.0575319192313,0.151732517013,-0.0489987936969,0.985528507841
353552000000,686,353552000000,world,35.2402016679,0.615395787782,1.03409610213,0.00494160255133,0.155256080087,-0.0516030328378,0.986513181444
353585000000,687,353585000000,world,35.2402016679,0.615395787782,1.03409610213,0.00494160255133,0.155256080087,-0.0516030328378,0.986513181444
353620000000,688,353620000000,world,35.2402016679,0.615395787782,1.03409610213,0.00494160255133,0.155256080087,-0.0516030328378,0.986513181444
353653000000,689,353652000000,world,36.0794996617,0.55932010944,1.01446856279,-0.0454595583466,0.154140471536,-0.0505034225785,0.985709667142
353685000000,690,353685000000,world,36.0794996617,0.55932010944,1.01446856279,-0.0454595583466,0.154140471536,-0.0505034225785,0.985709667142
353719000000,691,353719000000,world,36.0794996617,0.55932010944,1.01446856279,-0.0454595583466,0.154140471536,-0.0505034225785,0.985709667142
353753000000,692,353752000000,world,36.9168151962,0.506658855215,0.998792329449,0.0802835972042,-0.14611305906,0.0418396580277,-0.98511672456
353785000000,693,353785000000,world,36.9168151962,0.506658855215,0.998792329449,0.0802835972042,-0.14611305906,0.0418396580277,-0.98511672456
353819000000,694,353819000000,world,36.9168151962,0.506658855215,0.998792329449,0.0802835972042,-0.14611305906,0.0418396580277,-0.98511672456
353853000000,695,353853000000,world,37.7508621524,0.442893890493,0.995359346513,0.0589873177307,-0.130191903729,0.0315485914002,-0.989229624976
353886000000,696,353886000000,world,37.7508621524,0.442893890493,0.995359346513,0.0589873177307,-0.130191903729,0.0315485914002,-0.989229624976
353920000000,697,353919000000,world,38.3190320088,0.396268525882,0.994724553801,-0.0239305149611,0.123234678511,-0.0271591455286,0.99171715992
353952000000,698,353952000000,world,38.3190320088,0.396268525882,0.994724553801,-0.0239305149611,0.123234678511,-0.0271591455286,0.99171715992
353985000000,699,353985000000,world,38.3190320088,0.396268525882,0.994724553801,-0.0239305149611,0.123234678511,-0.0271591455286,0.99171715992
354020000000,700,354020000000,world,38.3190320088,0.396268525882,0.994724553801,-0.0239305149611,0.123234678511,-0.0271591455286,0.99171715992
354053000000,701,354052000000,world,39.4272585494,0.33048170085,0.976313294744,-0.000817916191785,0.131763292432,-0.0208238988983,0.991062122682
354085000000,702,354085000000,world,39.4272585494,0.33048170085,0.976313294744,-0.000817916191785,0.131763292432,-0.0208238988983,0.991062122682
354119000000,703,354119000000,world,39.4272585494,0.33048170085,0.976313294744,-0.000817916191785,0.131763292432,-0.0208238988983,0.991062122682
354152000000,704,354152000000,world,40.2670649957,0.309651634902,0.956167674452,0.0293842421924,-0.146531017095,0.0115071012364,-0.988702591258
354185000000,705,354185000000,world,40.2670649957,0.309651634902,0.956167674452,0.0293842421924,-0.146531017095,0.0115071012364,-0.988702591258
354219000000,706,354219000000,world,40.2670649957,0.309651634902,0.956167674452,0.0293842421924,-0.146531017095,0.0115071012364,-0.988702591258
354252000000,707,354252000000,world,41.1034494417,0.299811062355,0.939484875528,0.063434772727,-0.155099262523,-0.00251991673134,-0.985856936068
354286000000,708,354285000000,world,41.1034494417,0.299811062355,0.939484875528,0.063434772727,-0.155099262523,-0.00251991673134,-0.985856936068
354319000000,709,354319000000,world,41.1034494417,0.299811062355,0.939484875528,0.063434772727,-0.155099262523,-0.00251991673134,-0.985856936068
354352000000,710,354352000000,world,41.9383743305,0.291160013708,0.929140671252,0.0739696855244,-0.155562202952,-0.0167784212525,-0.984909828977
354385000000,711,354385000000,world,41.9383743305,0.291160013708,0.929140671252,0.0739696855244,-0.155562202952,-0.0167784212525,-0.984909828977
354419000000,712,354419000000,world,42.508126374,0.277079225058,0.926510753451,0.0522874270983,-0.154467423958,-0.023449858497,-0.986334600447
354452000000,713,354452000000,world,42.508126374,0.277079225058,0.926510753451,0.0522874270983,-0.154467423958,-0.023449858497,-0.986334600447
354486000000,714,354485000000,world,42.508126374,0.277079225058,0.926510753451,0.0522874270983,-0.154467423958,-0.023449858497,-0.986334600447
354519000000,715,354519000000,world,42.508126374,0.277079225058,0.926510753451,0.0522874270983,-0.154467423958,-0.023449858497,-0.986334600447
354552000000,716,354552000000,world,43.6202447475,0.243223373477,0.921881125383,-0.0121844839445,-0.152655884748,-0.0235951981584,-0.987922560643
354586000000,717,354585000000,world,43.6202447475,0.243223373477,0.921881125383,-0.0121844839445,-0.152655884748,-0.0235951981584,-0.987922560643
354620000000,718,354619000000,world,43.6202447475,0.243223373477,0.921881125383,-0.0121844839445,-0.152655884748,-0.0235951981584,-0.987922560643
354652000000,719,354652000000,world,44.4633702244,0.23775315512,0.912675475697,-0.015463186193,-0.149387542848,-0.0194982421191,-0.98846551304
354685000000,720,354685000000,world,44.4633702244,0.23775315512,0.912675475697,-0.015463186193,-0.149387542848,-0.0194982421191,-0.98846551304
354719000000,721,354719000000,world,44.4633702244,0.23775315512,0.912675475697,-0.015463186193,-0.149387542848,-0.0194982421191,-0.98846551304
354752000000,722,354752000000,world,45.3052083777,0.252401982601,0.898703124581,0.0181959929172,-0.145014288527,-0.0197381798217,-0.989065299271
354785000000,723,354785000000,world,45.3052083777,0.252401982601,0.898703124581,0.0181959929172,-0.145014288527,-0.0197381798217,-0.989065299271
354819000000,724,354819000000,world,45.3052083777,0.252401982601,0.898703124581,0.0181959929172,-0.145014288527,-0.0197381798217,-0.989065299271
354852000000,725,354852000000,world,46.1486745927,0.261051480753,0.887039648879,0.0316784071438,-0.142987608954,-0.0226535879081,-0.988957955204
354885000000,726,354885000000,world,46.1486745927,0.261051480753,0.887039648879,0.0316784071438,-0.142987608954,-0.0226535879081,-0.988957955204
354919000000,727,354919000000,world,46.1486745927,0.261051480753,0.887039648879,0.0316784071438,-0.142987608954,-0.0226535879081,-0.988957955204
354952000000,728,354952000000,world,46.9937709382,0.253863823514,0.879866845233,0.00785046533469,-0.142730836132,-0.0230230234077,-0.989462591008
354985000000,729,354985000000,world,46.9937709382,0.253863823514,0.879866845233,0.00785046533469,-0.142730836132,-0.0230230234077,-0.989462591008
355020000000,730,355019000000,world,46.9937709382,0.253863823514,0.879866845233,0.00785046533469,-0.142730836132,-0.0230230234077,-0.989462591008
355053000000,731,355052000000,world,47.8389004383,0.249036623697,0.871430501375,-0.0108413534488,-0.142874227469,-0.0205466889854,-0.989468167124
355085000000,732,355085000000,world,47.8389004383,0.249036623697,0.871430501375,-0.0108413534488,-0.142874227469,-0.0205466889854,-0.989468167124
355119000000,733,355119000000,world,47.8389004383,0.249036623697,0.871430501375,-0.0108413534488,-0.142874227469,-0.0205466889854,-0.989468167124
355152000000,734,355152000000,world,48.6911451911,0.257291740469,0.859194613622,-0.00294500671175,-0.143155541127,-0.0188494201496,-0.989516304737
355186000000,735,355185000000,world,48.6911451911,0.257291740469,0.859194613622,-0.00294500671175,-0.143155541127,-0.0188494201496,-0.989516304737
355219000000,736,355219000000,world,48.6911451911,0.257291740469,0.859194613622,-0.00294500671175,-0.143155541127,-0.0188494201496,-0.989516304737
355253000000,737,355253000000,world,48.6911451911,0.257291740469,0.859194613622,-0.00294500671175,-0.143155541127,-0.0188494201496,-0.989516304737
355286000000,738,355285000000,world,49.8110697134,0.269745012808,0.843536102459,0.00978105096959,-0.140963471797,-0.0195166413058,-0.989774080977
355319000000,739,355319000000,world,49.8110697134,0.269745012808,0.843536102459,0.00978105096959,-0.140963471797,-0.0195166413058,-0.989774080977
355352000000,740,355352000000,world,49.8110697134,0.269745012808,0.843536102459,0.00978105096959,-0.140963471797,-0.0195166413058,-0.989774080977
355385000000,741,355385000000,world,50.6545315258,0.272648061937,0.830951509872,0.00451732477979,-0.143393281088,-0.0198299061564,-0.98945678811
355420000000,742,355419000000,world,50.6545315258,0.272648061937,0.830951509872,0.00451732477979,-0.143393281088,-0.0198299061564,-0.98945678811
355453000000,743,355452000000,world,50.6545315258,0.272648061937,0.830951509872,0.00451732477979,-0.143393281088,-0.0198299061564,-0.98945678811
355485000000,744,355485000000,world,51.5053295144,0.274908201501,0.818147926613,-0.00208142156396,-0.144564606764,-0.0192587487715,-0.989305737753
355519000000,745,355519000000,world,51.5053295144,0.274908201501,0.818147926613,-0.00208142156396,-0.144564606764,-0.0192587487715,-0.989305737753
355552000000,746,355552000000,world,51.5053295144,0.274908201501,0.818147926613,-0.00208142156396,-0.144564606764,-0.0192587487715,-0.989305737753
355586000000,747,355585000000,world,52.3381244849,0.279907566601,0.804666312492,-0.00174704468528,-0.143614090912,-0.0186421546059,-0.98945662401
355620000000,748,355619000000,world,52.3381244849,0.279907566601,0.804666312492,-0.00174704468528,-0.143614090912,-0.0186421546059,-0.98945662401
355652000000,749,355652000000,world,52.3381244849,0.279907566601,0.804666312492,-0.00174704468528,-0.143614090912,-0.0186421546059,-0.98945662401
355687000000,750,355687000000,world,53.1796591931,0.286132269678,0.788153820659,0.00171925472185,-0.144559268214,-0.018570358881,-0.989320374756
355720000000,751,355719000000,world,53.1796591931,0.286132269678,0.788153820659,0.00171925472185,-0.144559268214,-0.018570358881,-0.989320374756
355752000000,752,355752000000,world,53.1796591931,0.286132269678,0.788153820659,0.00171925472185,-0.144559268214,-0.018570358881,-0.989320374756
355785000000,753,355785000000,world,54.0212322717,0.291064165525,0.769708702067,0.00295169589389,-0.145973169313,-0.0187653661571,-0.989106153234
355820000000,754,355819000000,world,54.0212322717,0.291064165525,0.769708702067,0.00295169589389,-0.145973169313,-0.0187653661571,-0.989106153234
355852000000,755,355852000000,world,54.0212322717,0.291064165525,0.769708702067,0.00295169589389,-0.145973169313,-0.0187653661571,-0.989106153234
355885000000,756,355885000000,world,54.8611621827,0.294633098727,0.748534411782,0.0018141111155,-0.144418195398,-0.0188800173614,-0.989334947722
355919000000,757,355919000000,world,54.8611621827,0.294633098727,0.748534411782,0.0018141111155,-0.144418195398,-0.0188800173614,-0.989334947722
355953000000,758,355952000000,world,54.8611621827,0.294633098727,0.748534411782,0.0018141111155,-0.144418195398,-0.0188800173614,-0.989334947722
