343119000000,341,343119000000,world,-0.00574247661761,-0.0442633831079,1.27159690169,0.00209292129697,-0.0041671815733,-5.97655338719e-07,-0.99998912708
343153000000,342,343153000000,world,-0.00574247661761,-0.0442633831079,1.27159690169,0.00209292129697,-0.0041671815733,-5.97655338719e-07,-0.99998912708
343186000000,343,343186000000,world,-0.00574247661761,-0.0442633831079,1.27159690169,0.00209292129697,-0.0041671815733,-5.97655338719e-07,-0.99998912708
343220000000,344,343219000000,world,-0.018091671957,-0.0508300841267,1.39375541389,0.00269308711866,-0.00308763992331,-2.852943113e-05,-0.999991606439
343253000000,345,343253000000,world,-0.018091671957,-0.0508300841267,1.39375541389,0.00269308711866,-0.00308763992331,-2.852943113e-05,-0.999991606439
343286000000,346,343286000000,world,-0.018091671957,-0.0508300841267,1.39375541389,0.00269308711866,-0.00308763992331,-2.852943113e-05,-0.999991606439
343319000000,347,343319000000,world,-0.018091671957,-0.0508300841267,1.39375541389,0.00269308711866,-0.00308763992331,-2.852943113e-05,-0.999991606439
343353000000,348,343353000000,world,-0.0270741980305,-0.055443056426,1.47413168525,0.00272011089924,-0.00312679944834,-2.0007603533e-05,-0.999991411824
343386000000,349,343386000000,world,-0.0270741980305,-0.055443056426,1.47413168525,0.00272011089924,-0.00312679944834,-2.0007603533e-05,-0.999991411824
343419000000,350,343419000000,world,-0.0270741980305,-0.055443056426,1.47413168525,0.00272011089924,-0.00312679944834,-2.0007603533e-05,-0.999991411824
343453000000,351,343453000000,world,-0.0343765966222,-0.0593842695665,1.5469707434,0.00294931703437,-0.00362179678906,-6.70100878244e-06,-0.999989091977
343486000000,352,343486000000,world,-0.0343765966222,-0.0593842695665,1.5469707434,0.00294931703437,-0.00362179678906,-6.70100878244e-06,-0.999989091977
343520000000,353,343520000000,world,-0.0343765966222,-0.0593842695665,1.5469707434,0.00294931703437,-0.00362179678906,-6.70100878244e-06,-0.999989091977
343553000000,354,343553000000,world,-0.0404965610805,-0.0627942852311,1.61221947395,0.00285609021461,-0.00399799458109,6.76279821419e-05,-0.999987927034
343586000000,355,343586000000,world,-0.0404965610805,-0.0627942852311,1.61221947395,0.00285609021461,-0.00399799458109,6.76279821419e-05,-0.999987927034
343619000000,356,343619000000,world,-0.0404965610805,-0.0627942852311,1.61221947395,0.00285609021461,-0.00399799458109,6.76279821419e-05,-0.999987927034
343653000000,357,343653000000,world,-0.0455883968237,-0.0655690480123,1.67383605365,0.00264198220903,-0.00384540007896,0.000163869395505,-0.999989102928
343687000000,358,343686000000,world,-0.0455883968237,-0.0655690480123,1.67383605365,0.00264198220903,-0.00384540007896,0.000163869395505,-0.999989102928
343719000000,359,343719000000,world,-0.0455883968237,-0.0655690480123,1.67383605365,0.00264198220903,-0.00384540007896,0.000163869395505,-0.999989102928
343753000000,360,343753000000,world,-0.0499901585941,-0.0676579831537,1.73222426006,0.00231595771359,-0.00352672661143,0.000215747873942,-0.999991075956
343786000000,361,343786000000,world,-0.0499901585941,-0.0676579831537,1.73222426006,0.00231595771359,-0.00352672661143,0.000215747873942,-0.999991075956
343819000000,362,343819000000,world,-0.0499901585941,-0.0676579831537,1.73222426006,0.00231595771359,-0.00352672661143,0.000215747873942,-0.999991075956
343853000000,363,343853000000,world,-0.0519130683778,-0.0684545415109,1.78799502481,0.00210853064325,-0.00336457057036,0.000226656050961,-0.999992091164
343887000000,364,343887000000,world,-0.0519130683778,-0.0684545415109,1.78799502481,0.00210853064325,-0.00336457057036,0.000226656050961,-0.999992091164
343919000000,365,343919000000,world,-0.0519130683778,-0.0684545415109,1.78799502481,0.00210853064325,-0.00336457057036,0.000226656050961,-0.999992091164
343953000000,366,343953000000,world,-0.053548140153,-0.0690064787883,1.84156262456,0.00183685522723,-0.00280766156464,0.000212932546913,-0.999994348814
343986000000,367,343986000000,world,-0.053548140153,-0.0690064787883,1.84156262456,0.00183685522723,-0.00280766156464,0.000212932546913,-0.999994348814
344019000000,368,344019000000,world,-0.053548140153,-0.0690064787883,1.84156262456,0.00183685522723,-0.00280766156464,0.000212932546913,-0.999994348814
344054000000,369,344053000000,world,-0.0540791075653,-0.0687771186505,1.89316424463,0.00143821707378,-0.00207742877204,0.000233789211722,-0.999996780577
344086000000,370,344086000000,world,-0.0540791075653,-0.0687771186505,1.89316424463,0.00143821707378,-0.00207742877204,0.000233789211722,-0.999996780577
344120000000,371,344119000000,world,-0.0540791075653,-0.0687771186505,1.89316424463,0.00143821707378,-0.00207742877204,0.000233789211722,-0.999996780577
344153000000,372,344153000000,world,-0.0553231938245,-0.0688837050859,1.94275521328,0.000790266434987,-0.00111675863303,0.000242980497581,-0.999999034644
344186000000,373,344186000000,world,-0.0553231938245,-0.0688837050859,1.94275521328,0.000790266434987,-0.00111675863303,0.000242980497581,-0.999999034644
344219000000,374,344219000000,world,-0.0553231938245,-0.0688837050859,1.94275521328,0.000790266434987,-0.00111675863303,0.000242980497581,-0.999999034644
344253000000,375,344253000000,world,-0.0544161051631,-0.0659373095489,1.98298490821,0.00341025391096,-0.00226524574302,-0.0014762468024,-0.999990529718
344287000000,376,344286000000,world,-0.0544161051631,-0.0659373095489,1.98298490821,0.00341025391096,-0.00226524574302,-0.0014762468024,-0.999990529718
344319000000,377,344319000000,world,-0.0544161051631,-0.0659373095489,1.98298490821,0.00341025391096,-0.00226524574302,-0.0014762468024,-0.999990529718
344353000000,378,344353000000,world,-0.0424825077839,-0.0456198956223,1.99349363484,0.029718944621,-0.0255368372892,-0.0116734490789,-0.99916384285
344386000000,379,344386000000,world,-0.0424825077839,-0.0456198956223,1.99349363484,0.029718944621,-0.0255368372892,-0.0116734490789,-0.99916384285
344419000000,380,344419000000,world,-0.020060573235,-0.0175915250698,2.00018341202,0.0604828808843,-0.0603866690795,-0.0230112972618,-0.996075173627
344454000000,381,344453000000,world,-0.020060573235,-0.0175915250698,2.00018341202,0.0604828808843,-0.0603866690795,-0.0230112972618,-0.996075173627
344487000000,382,344486000000,world,-0.020060573235,-0.0175915250698,2.00018341202,0.0604828808843,-0.0603866690795,-0.0230112972618,-0.996075173627
344520000000,383,344519000000,world,-0.020060573235,-0.0175915250698,2.00018341202,0.0604828808843,-0.0603866690795,-0.0230112972618,-0.996075173627
344554000000,384,344553000000,world,0.011106090823,0.0168727700401,2.00653584139,0.0873785333521,-0.0924203679276,-0.0302691048266,-0.991416788639
344586000000,385,344586000000,world,0.011106090823,0.0168727700401,2.00653584139,0.0873785333521,-0.0924203679276,-0.0302691048266,-0.991416788639
344619000000,386,344619000000,world,0.011106090823,0.0168727700401,2.00653584139,0.0873785333521,-0.0924203679276,-0.0302691048266,-0.991416788639
344653000000,387,344653000000,world,0.052365832319,0.0565008167483,2.00899586709,0.0996636109797,-0.115800155644,-0.0346456010041,-0.987652353275
344686000000,388,344686000000,world,0.052365832319,0.0565008167483,2.00899586709,0.0996636109797,-0.115800155644,-0.0346456010041,-0.987652353275
344719000000,389,344719000000,world,0.052365832319,0.0565008167483,2.00899586709,0.0996636109797,-0.115800155644,-0.0346456010041,-0.987652353275
344753000000,390,344753000000,world,0.110867996226,0.0964184706189,2.01252126752,0.0833079109213,-0.132548776738,-0.0344768629543,-0.987067353165
344786000000,391,344786000000,world,0.110867996226,0.0964184706189,2.01252126752,0.0833079109213,-0.132548776738,-0.0344768629543,-0.987067353165
344820000000,392,344820000000,world,0.110867996226,0.0964184706189,2.01252126752,0.0833079109213,-0.132548776738,-0.0344768629543,-0.987067353165
344853000000,393,344853000000,world,0.18952548403,0.140215113937,2.01724025435,0.0498183081936,-0.142010811804,-0.0300356285559,-0.98815430299
344886000000,394,344886000000,world,0.18952548403,0.140215113937,2.01724025435,0.0498183081936,-0.142010811804,-0.0300356285559,-0.98815430299
344919000000,395,344919000000,world,0.18952548403,0.140215113937,2.01724025435,0.0498183081936,-0.142010811804,-0.0300356285559,-0.98815430299
344953000000,396,344953000000,world,0.292414177445,0.182075379525,2.0271744683,-0.000376369739413,-0.144833209356,-0.0209019991538,-0.989235212801
344986000000,397,344986000000,world,0.292414177445,0.182075379525,2.0271744683,-0.000376369739413,-0.144833209356,-0.0209019991538,-0.989235212801
345019000000,398,345019000000,world,0.292414177445,0.182075379525,2.0271744683,-0.000376369739413,-0.144833209356,-0.0209019991538,-0.989235212801
345053000000,399,345053000000,world,0.418061175538,0.223372737383,2.03492213894,0.0470311701092,0.143850647804,0.0101466661864,0.988429109916
345086000000,400,345086000000,world,0.418061175538,0.223372737383,2.03492213894,0.0470311701092,0.143850647804,0.0101466661864,0.988429109916
345120000000,401,345119000000,world,0.418061175538,0.223372737383,2.03492213894,0.0470311701092,0.143850647804,0.0101466661864,0.988429109916
345153000000,402,345153000000,world,0.568667324549,0.264460350077,2.03897162967,0.0755286498582,0.145115991944,0.000878924504546,0.98652724211
345186000000,403,345186000000,world,0.568667324549,0.264460350077,2.03897162967,0.0755286498582,0.145115991944,0.000878924504546,0.98652724211
345219000000,404,345219000000,world,0.568667324549,0.264460350077,2.03897162967,0.0755286498582,0.145115991944,0.000878924504546,0.98652724211
345253000000,405,345253000000,world,0.568667324549,0.264460350077,2.03897162967,0.0755286498582,0.145115991944,0.000878924504546,0.98652724211
345286000000,406,345286000000,world,0.808862995463,0.326209787926,2.04146055241,0.062478336673,0.150128064506,-0.00306162015328,0.986685688645
345320000000,407,345319000000,world,0.808862995463,0.326209787926,2.04146055241,0.062478336673,0.150128064506,-0.00306162015328,0.986685688645
345353000000,408,345353000000,world,0.808862995463,0.326209787926,2.04146055241,0.062478336673,0.150128064506,-0.00306162015328,0.986685688645
345386000000,409,345386000000,world,0.808862995463,0.326209787926,2.04146055241,0.062478336673,0.150128064506,-0.00306162015328,0.986685688645
345420000000,410,345419000000,world,1.09455886062,0.376190504173,2.04214150975,0.0329386139953,0.158233094737,0.000172491633184,0.986852220793
345453000000,411,345453000000,world,1.09455886062,0.376190504173,2.04214150975,0.0329386139953,0.158233094737,0.000172491633184,0.986852220793
345486000000,412,345486000000,world,1.09455886062,0.376190504173,2.04214150975,0.0329386139953,0.158233094737,0.000172491633184,0.986852220793
345519000000,413,345519000000,world,1.33771842709,0.402121311648,2.04177030158,0.0171904884093,0.163142501014,0.00420684039338,0.986443771314
345553000000,414,345553000000,world,1.33771842709,0.402121311648,2.04177030158,0.0171904884093,0.163142501014,0.00420684039338,0.986443771314
345586000000,415,345586000000,world,1.5178406502,0.4154383301,2.04000583702,0.0105072555905,0.167182054829,0.00683150034411,0.985846381911
345619000000,416,345619000000,world,1.5178406502,0.4154383301,2.04000583702,0.0105072555905,0.167182054829,0.00683150034411,0.985846381911
345654000000,417,345653000000,world,1.5178406502,0.4154383301,2.04000583702,0.0105072555905,0.167182054829,0.00683150034411,0.985846381911
345686000000,418,345686000000,world,1.5178406502,0.4154383301,2.04000583702,0.0105072555905,0.167182054829,0.00683150034411,0.985846381911
345719000000,419,345719000000,world,1.89996596583,0.448146410573,2.03307673908,0.0195375868859,-0.172444467679,-0.0142395403941,-0.984722511043
345753000000,420,345753000000,world,1.89996596583,0.448146410573,2.03307673908,0.0195375868859,-0.172444467679,-0.0142395403941,-0.984722511043
345786000000,421,345786000000,world,1.89996596583,0.448146410573,2.03307673908,0.0195375868859,-0.172444467679,-0.0142395403941,-0.984722511043
345819000000,422,345819000000,world,2.21787470632,0.480946518423,2.02512340641,0.0488989622758,-0.174120663301,-0.0214302817613,-0.983275967938
345853000000,423,345853000000,world,2.21787470632,0.480946518423,2.02512340641,0.0488989622758,-0.174120663301,-0.0214302817613,-0.983275967938
345886000000,424,345886000000,world,2.21787470632,0.480946518423,2.02512340641,0.0488989622758,-0.174120663301,-0.0214302817613,-0.983275967938
345919000000,425,345919000000,world,2.56481744925,0.494697164597,2.02151106196,0.0300276822546,-0.178220151915,-0.0217615171417,-0.983291590588
345954000000,426,345953000000,world,2.56481744925,0.494697164597,2.02151106196,0.0300276822546,-0.178220151915,-0.0217615171417,-0.983291590588
345986000000,427,345986000000,world,2.56481744925,0.494697164597,2.02151106196,0.0300276822546,-0.178220151915,-0.0217615171417,-0.983291590588
346019000000,428,346019000000,world,2.93989762367,0.498048429004,2.01858611351,-0.0138559984397,-0.183459424268,-0.0156654722413,-0.982804784245
346053000000,429,346053000000,world,2.93989762367,0.498048429004,2.01858611351,-0.0138559984397,-0.183459424268,-0.0156654722413,-0.982804784245
346086000000,430,346086000000,world,3.21037214927,0.498129707333,2.01662542032,0.0420184947577,0.186787242412,0.00914827494778,0.981458751673
346119000000,431,346119000000,world,3.21037214927,0.498129707333,2.01662542032,0.0420184947577,0.186787242412,0.00914827494778,0.981458751673
346153000000,432,346153000000,world,3.21037214927,0.498129707333,2.01662542032,0.0420184947577,0.186787242412,0.00914827494778,0.981458751673
346186000000,433,346186000000,world,3.21037214927,0.498129707333,2.01662542032,0.0420184947577,0.186787242412,0.00914827494778,0.981458751673
346219000000,434,346219000000,world,3.76829375874,0.513189610821,2.00365812358,0.0471905989953,0.194913054793,0.00191661342627,0.97968274203
346254000000,435,346254000000,world,3.76829375874,0.513189610821,2.00365812358,0.0471905989953,0.194913054793,0.00191661342627,0.97968274203
346286000000,436,346286000000,world,3.76829375874,0.513189610821,2.00365812358,0.0471905989953,0.194913054793,0.00191661342627,0.97968274203
346319000000,437,346319000000,world,4.2213682463,0.544657956929,1.986133345,-0.00128952059258,-0.203861798737,-0.00744756213539,-0.97897049903
346353000000,438,346353000000,world,4.2213682463,0.544657956929,1.986133345,-0.00128952059258,-0.203861798737,-0.00744756213539,-0.97897049903
346386000000,439,346386000000,world,4.2213682463,0.544657956929,1.986133345,-0.00128952059258,-0.203861798737,-0.00744756213539,-0.97897049903
346420000000,440,346419000000,world,4.69915155108,0.579615981106,1.96894857112,0.0479395196719,-0.206807925067,-0.0190347033789,-0.977020964284
346454000000,441,346453000000,world,4.69915155108,0.579615981106,1.96894857112,0.0479395196719,-0.206807925067,-0.0190347033789,-0.977020964284
346486000000,442,346486000000,world,5.03335338286,0.601217487081,1.96597357906,0.0674622689239,-0.192788744432,-0.0271079452958,-0.978543050455
346519000000,443,346519000000,world,5.03335338286,0.601217487081,1.96597357906,0.0674622689239,-0.192788744432,-0.0271079452958,-0.978543050455
346553000000,444,346553000000,world,5.03335338286,0.601217487081,1.96597357906,0.0674622689239,-0.192788744432,-0.0271079452958,-0.978543050455
346586000000,445,346586000000,world,5.03335338286,0.601217487081,1.96597357906,0.0674622689239,-0.192788744432,-0.0271079452958,-0.978543050455
346619000000,446,346619000000,world,5.70058199779,0.62012055513,1.98051422946,0.0332404589123,-0.138104831861,-0.0328494604665,-0.989314429418
346654000000,447,346654000000,world,5.70058199779,0.62012055513,1.98051422946,0.0332404589123,-0.138104831861,-0.0328494604665,-0.989314429418
346686000000,448,346686000000,world,5.70058199779,0.62012055513,1.98051422946,0.0332404589123,-0.138104831861,-0.0328494604665,-0.989314429418
346719000000,449,346719000000,world,6.2379332084,0.626227521418,1.97485765626,-0.0133843667041,-0.132098180222,-0.0288290411237,-0.990726912877
346753000000,450,346753000000,world,6.2379332084,0.626227521418,1.97485765626,-0.0133843667041,-0.132098180222,-0.0288290411237,-0.990726912877
346786000000,451,346786000000,world,6.2379332084,0.626227521418,1.97485765626,-0.0133843667041,-0.132098180222,-0.0288290411237,-0.990726912877
346819000000,452,346819000000,world,6.79411918453,0.656313410935,1.95227759138,-0.0133389500645,-0.14784328591,-0.025423428108,-0.988593993774
346853000000,453,346853000000,world,6.79411918453,0.656313410935,1.95227759138,-0.0133389500645,-0.14784328591,-0.025423428108,-0.988593993774
346886000000,454,346886000000,world,6.79411918453,0.656313410935,1.95227759138,-0.0133389500645,-0.14784328591,-0.025423428108,-0.988593993774
346919000000,455,346919000000,world,7.36475611502,0.706934543271,1.92698975686,0.0255384359665,-0.160629914518,-0.0275944035802,-0.986298315796
346954000000,456,346953000000,world,7.36475611502,0.706934543271,1.92698975686,0.0255384359665,-0.160629914518,-0.0275944035802,-0.986298315796
346986000000,457,346986000000,world,7.36475611502,0.706934543271,1.92698975686,0.0255384359665,-0.160629914518,-0.0275944035802,-0.986298315796
347019000000,458,347019000000,world,7.36475611502,0.706934543271,1.92698975686,0.0255384359665,-0.160629914518,-0.0275944035802,-0.986298315796
347053000000,459,347053000000,world,8.12743366369,0.778046076997,1.90741413495,0.0690855204565,-0.155771681503,-0.035809845549,-0.984723326151
347087000000,460,347087000000,world,8.12743366369,0.778046076997,1.90741413495,0.0690855204565,-0.155771681503,-0.035809845549,-0.984723326151
347119000000,461,347119000000,world,8.12743366369,0.778046076997,1.90741413495,0.0690855204565,-0.155771681503,-0.035809845549,-0.984723326151
347154000000,462,347153000000,world,8.12743366369,0.778046076997,1.90741413495,0.0690855204565,-0.155771681503,-0.035809845549,-0.984723326151
347187000000,463,347186000000,world,8.91931643985,0.81970676647,1.89111776087,0.0270547045404,-0.14915140792,-0.0357727269581,-0.987796645309
347219000000,464,347219000000,world,8.91931643985,0.81970676647,1.89111776087,0.0270547045404,-0.14915140792,-0.0357727269581,-0.987796645309
347253000000,465,347253000000,world,8.91931643985,0.81970676647,1.89111776087,0.0270547045404,-0.14915140792,-0.0357727269581,-0.987796645309
347286000000,466,347286000000,world,9.5224166962,0.842298511568,1.88007132413,-0.0250480087008,-0.141049396416,-0.0287982126525,-0.989266560629
347320000000,467,347319000000,world,9.5224166962,0.842298511568,1.88007132413,-0.0250480087008,-0.141049396416,-0.0287982126525,-0.989266560629
347354000000,468,347353000000,world,9.5224166962,0.842298511568,1.88007132413,-0.0250480087008,-0.141049396416,-0.0287982126525,-0.989266560629
347386000000,469,347386000000,world,9.5224166962,0.842298511568,1.88007132413,-0.0250480087008,-0.141049396416,-0.0287982126525,-0.989266560629
347419000000,470,347419000000,world,10.3244858089,0.902779158418,1.85819584356,0.0248666466121,0.123178899247,0.0212261994177,0.991845782934
347453000000,471,347453000000,world,10.3244858089,0.902779158418,1.85819584356,0.0248666466121,0.123178899247,0.0212261994177,0.991845782934
347486000000,472,347486000000,world,10.3244858089,0.902779158418,1.85819584356,0.0248666466121,0.123178899247,0.0212261994177,0.991845782934
347519000000,473,347519000000,world,10.9476305231,0.960937822571,1.83437616582,0.000809510087783,-0.119147881037,-0.0208187765658,-0.992657899621
347553000000,474,347553000000,world,10.9476305231,0.960937822571,1.83437616582,0.000809510087783,-0.119147881037,-0.0208187765658,-0.992657899621
347586000000,475,347586000000,world,10.9476305231,0.960937822571,1.83437616582,0.000809510087783,-0.119147881037,-0.0208187765658,-0.992657899621
347620000000,476,347619000000,world,10.9476305231,0.960937822571,1.83437616582,0.000809510087783,-0.119147881037,-0.0208187765658,-0.992657899621
347653000000,477,347653000000,world,11.7749424836,1.02767498241,1.80770835044,0.018088526855,-0.116189937161,-0.0235823299162,-0.992782240682
347686000000,478,347686000000,world,11.7749424836,1.02767498241,1.80770835044,0.018088526855,-0.116189937161,-0.0235823299162,-0.992782240682
347719000000,479,347719000000,world,12.4012126855,1.07457751152,1.7904016172,0.0210140834554,-0.115658191879,-0.025317304894,-0.992743987653
347753000000,480,347753000000,world,12.4012126855,1.07457751152,1.7904016172,0.0210140834554,-0.115658191879,-0.025317304894,-0.992743987653
347787000000,481,347787000000,world,12.4012126855,1.07457751152,1.7904016172,0.0210140834554,-0.115658191879,-0.025317304894,-0.992743987653
347819000000,482,347819000000,world,12.4012126855,1.07457751152,1.7904016172,0.0210140834554,-0.115658191879,-0.025317304894,-0.992743987653
347853000000,483,347853000000,world,13.0308332655,1.12467985783,1.7711048134,0.0256850609506,-0.11768024069,-0.026619060058,-0.992362365387
347887000000,484,347887000000,world,13.0308332655,1.12467985783,1.7711048134,0.0256850609506,-0.11768024069,-0.026619060058,-0.992362365387
347920000000,485,347919000000,world,13.0308332655,1.12467985783,1.7711048134,0.0256850609506,-0.11768024069,-0.026619060058,-0.992362365387
347953000000,486,347953000000,world,13.0308332655,1.12467985783,1.7711048134,0.0256850609506,-0.11768024069,-0.026619060058,-0.992362365387
347986000000,487,347986000000,world,13.8714487563,1.20137599814,1.74449961057,0.0380393526941,-0.119822208754,-0.0284412978627,-0.991658579609
348020000000,488,348019000000,world,13.8714487563,1.20137599814,1.74449961057,0.0380393526941,-0.119822208754,-0.0284412978627,-0.991658579609
348053000000,489,348053000000,world,13.8714487563,1.20137599814,1.74449961057,0.0380393526941,-0.119822208754,-0.0284412978627,-0.991658579609
348086000000,490,348086000000,world,13.8714487563,1.20137599814,1.74449961057,0.0380393526941,-0.119822208754,-0.0284412978627,-0.991658579609
348120000000,491,348119000000,world,14.7215675483,1.29104304854,1.71828649057,0.050664091877,-0.119483986012,-0.0305999373918,-0.991070315726
348153000000,492,348153000000,world,14.7215675483,1.29104304854,1.71828649057,0.050664091877,-0.119483986012,-0.0305999373918,-0.991070315726
348186000000,493,348186000000,world,14.7215675483,1.29104304854,1.71828649057,0.050664091877,-0.119483986012,-0.0305999373918,-0.991070315726
348219000000,494,348219000000,world,15.3580331161,1.3706301012,1.69803677863,0.0639064550889,-0.11762000287,-0.032515661685,-0.990466673679
348254000000,495,348253000000,world,15.3580331161,1.3706301012,1.69803677863,0.0639064550889,-0.11762000287,-0.032515661685,-0.990466673679
348286000000,496,348286000000,world,15.3580331161,1.3706301012,1.69803677863,0.0639064550889,-0.11762000287,-0.032515661685,-0.990466673679
348319000000,497,348319000000,world,15.3580331161,1.3706301012,1.69803677863,0.0639064550889,-0.11762000287,-0.032515661685,-0.990466673679
348354000000,498,348353000000,world,16.2035723995,1.49662849563,1.67063086349,0.0886803430993,-0.109683469795,-0.0358673030069,-0.989352752953
348386000000,499,348386000000,world,16.2035723995,1.49662849563,1.67063086349,0.0886803430993,-0.109683469795,-0.0358673030069,-0.989352752953
348419000000,500,348419000000,world,16.2035723995,1.49662849563,1.67063086349,0.0886803430993,-0.109683469795,-0.0358673030069,-0.989352752953
348453000000,501,348453000000,world,16.8428264413,1.58623769294,1.65482601888,0.0699022433904,-0.107946176151,-0.0362256652754,-0.991034308487
348487000000,502,348487000000,world,16.8428264413,1.58623769294,1.65482601888,0.0699022433904,-0.107946176151,-0.0362256652754,-0.991034308487
348519000000,503,348519000000,world,16.8428264413,1.58623769294,1.65482601888,0.0699022433904,-0.107946176151,-0.0362256652754,-0.991034308487
348553000000,504,348553000000,world,17.4842846959,1.672191316,1.64232592274,0.0277610553191,-0.108124911724,-0.0329404734225,-0.993203530241
348587000000,505,348586000000,world,17.4842846959,1.672191316,1.64232592274,0.0277610553191,-0.108124911724,-0.0329404734225,-0.993203530241
348619000000,506,348619000000,world,17.4842846959,1.672191316,1.64232592274,0.0277610553191,-0.108124911724,-0.0329404734225,-0.993203530241
348653000000,507,348653000000,world,18.1276629556,1.78427982789,1.62577449795,0.0261705855744,-0.102600876011,-0.0290587439316,-0.993953595543
348686000000,508,348686000000,world,18.1276629556,1.78427982789,1.62577449795,0.0261705855744,-0.102600876011,-0.0290587439316,-0.993953595543
348719000000,509,348719000000,world,18.1276629556,1.78427982789,1.62577449795,0.0261705855744,-0.102600876011,-0.0290587439316,-0.993953595543
348754000000,510,348753000000,world,18.7591197355,1.91215658549,1.60534140331,0.0504425243043,-0.103047954046,-0.0281839213972,-0.992996645253
348786000000,511,348786000000,world,18.7591197355,1.91215658549,1.60534140331,0.0504425243043,-0.103047954046,-0.0281839213972,-0.992996645253
348819000000,512,348819000000,world,18.7591197355,1.91215658549,1.60534140331,0.0504425243043,-0.103047954046,-0.0281839213972,-0.992996645253
348853000000,513,348853000000,world,19.399922338,2.03679883172,1.58918634883,0.0540765589658,-0.110077604319,-0.0286718984263,-0.992036576462
348886000000,514,348886000000,world,19.399922338,2.03679883172,1.58918634883,0.0540765589658,-0.110077604319,-0.0286718984263,-0.992036576462
348919000000,515,348919000000,world,19.399922338,2.03679883172,1.58918634883,0.0540765589658,-0.110077604319,-0.0286718984263,-0.992036576462
348954000000,516,348953000000,world,20.0406215709,2.15959050366,1.577114422,0.0417257483565,-0.115155977602,-0.0282813711817,-0.992067652326
348988000000,517,348987000000,world,20.0406215709,2.15959050366,1.577114422,0.0417257483565,-0.115155977602,-0.0282813711817,-0.992067652326
349019000000,518,349019000000,world,20.6816815449,2.2803803356,1.5660340221,0.021165789187,-0.116562916723,-0.0260271071699,-0.992616585347
349053000000,519,349053000000,world,20.6816815449,2.2803803356,1.5660340221,0.021165789187,-0.116562916723,-0.0260271071699,-0.992616585347
349086000000,520,349086000000,world,20.6816815449,2.2803803356,1.5660340221,0.021165789187,-0.116562916723,-0.0260271071699,-0.992616585347
349119000000,521,349119000000,world,21.3231977738,2.39320373317,1.55753601573,0.021165789187,-0.116562916723,-0.0260271071699,-0.992616585347
349154000000,522,349153000000,world,21.3231977738,2.39320373317,1.55753601573,-0.0116504811766,-0.11436466149,-0.0217688608811,-0.993131968666
349186000000,523,349186000000,world,21.3231977738,2.39320373317,1.55753601573,-0.0116504811766,-0.11436466149,-0.0217688608811,-0.993131968666
349219000000,524,349219000000,world,21.3231977738,2.39320373317,1.55753601573,-0.0116504811766,-0.11436466149,-0.0217688608811,-0.993131968666
349253000000,525,349253000000,world,21.9664203752,2.51190703547,1.54662936252,0.0226508993993,0.113622396791,0.0178842494736,0.993104748415
349287000000,526,349287000000,world,21.9664203752,2.51190703547,1.54662936252,0.0226508993993,0.113622396791,0.0178842494736,0.993104748415
349319000000,527,349319000000,world,21.9664203752,2.51190703547,1.54662936252,0.0226508993993,0.113622396791,0.0178842494736,0.993104748415
349353000000,528,349353000000,world,22.610464868,2.63938209555,1.53438099361,-0.00679470592421,-0.114154040599,-0.0166034309539,-0.993301068693
349386000000,529,349386000000,world,22.610464868,2.63938209555,1.53438099361,-0.00679470592421,-0.114154040599,-0.0166034309539,-0.993301068693
349420000000,530,349419000000,world,22.610464868,2.63938209555,1.53438099361,-0.00679470592421,-0.114154040599,-0.0166034309539,-0.993301068693
349454000000,531,349453000000,world,23.2560563374,2.76388205595,1.52605950169,0.0122573535751,-0.113828209907,-0.0178813800505,-0.993263888481
349487000000,532,349486000000,world,23.2560563374,2.76388205595,1.52605950169,0.0122573535751,-0.113828209907,-0.0178813800505,-0.993263888481
349519000000,533,349519000000,world,23.2560563374,2.76388205595,1.52605950169,0.0122573535751,-0.113828209907,-0.0178813800505,-0.993263888481
349553000000,534,349553000000,world,23.9017157055,2.88319144785,1.52053224164,0.0243585240232,-0.111135095045,-0.020246976511,-0.993300414225
349586000000,535,349586000000,world,23.9017157055,2.88319144785,1.52053224164,0.0243585240232,-0.111135095045,-0.020246976511,-0.993300414225
349619000000,536,349619000000,world,23.9017157055,2.88319144785,1.52053224164,0.0243585240232,-0.111135095045,-0.020246976511,-0.993300414225
349654000000,537,349654000000,world,24.5539702525,3.0021634198,1.51380142613,0.0322749501889,-0.107876560096,-0.0225356040924,-0.993384679729
349687000000,538,349686000000,world,24.5539702525,3.0021634198,1.51380142613,0.0322749501889,-0.107876560096,-0.0225356040924,-0.993384679729
349719000000,539,349719000000,world,25.1933803049,3.12095596782,1.50545153552,0.0390580573008,-0.105637743978,-0.0243414284429,-0.993339131449
349753000000,540,349753000000,world,25.1933803049,3.12095596782,1.50545153552,0.0390580573008,-0.105637743978,-0.0243414284429,-0.993339131449
349786000000,541,349786000000,world,25.1933803049,3.12095596782,1.50545153552,0.0390580573008,-0.105637743978,-0.0243414284429,-0.993339131449
349820000000,542,349820000000,world,25.8442352505,3.24330814365,1.49830025754,0.0410150343129,-0.101710422538,-0.0255594146907,-0.993639508689
349853000000,543,349853000000,world,25.8442352505,3.24330814365,1.49830025754,0.0410150343129,-0.101710422538,-0.0255594146907,-0.993639508689
349886000000,544,349886000000,world,25.8442352505,3.24330814365,1.49830025754,0.0410150343129,-0.101710422538,-0.0255594146907,-0.993639508689
349920000000,545,349919000000,world,26.4829046195,3.3653103783,1.49049900937,0.0397991372598,-0.101427383469,-0.0259727814396,-0.993707164702
349953000000,546,349953000000,world,26.4829046195,3.3653103783,1.49049900937,0.0397991372598,-0.101427383469,-0.0259727814396,-0.993707164702
349986000000,547,349986000000,world,26.4829046195,3.3653103783,1.49049900937,0.0397991372598,-0.101427383469,-0.0259727814396,-0.993707164702
350019000000,548,350019000000,world,26.4829046195,3.3653103783,1.49049900937,0.0397991372598,-0.101427383469,-0.0259727814396,-0.993707164702
350053000000,549,350053000000,world,27.1273816973,3.4894465236,1.48335239756,0.0350413909949,-0.101849769852,-0.0257570663024,-0.993848730358
350087000000,550,350086000000,world,27.1273816973,3.4894465236,1.48335239756,0.0350413909949,-0.101849769852,-0.0257570663024,-0.993848730358
350119000000,551,350119000000,world,27.7722763422,3.6151263735,1.47573565201,0.0302484863156,-0.104838876637,-0.0250406869588,-0.993713642363
350153000000,552,350153000000,world,27.7722763422,3.6151263735,1.47573565201,0.0302484863156,-0.104838876637,-0.0250406869588,-0.993713642363
350186000000,553,350186000000,world,27.7722763422,3.6151263735,1.47573565201,0.0302484863156,-0.104838876637,-0.0250406869588,-0.993713642363
350220000000,554,350220000000,world,28.4172948981,3.74237119726,1.46828485673,0.0265408253456,-0.108662788888,-0.0241217430733,-0.993431489541
350254000000,555,350253000000,world,28.4172948981,3.74237119726,1.46828485673,0.0265408253456,-0.108662788888,-0.0241217430733,-0.993431489541
350286000000,556,350286000000,world,28.4172948981,3.74237119726,1.46828485673,0.0265408253456,-0.108662788888,-0.0241217430733,-0.993431489541
350319000000,557,350319000000,world,29.0676684542,3.87271953235,1.46200120994,0.0234417089045,-0.110791539388,-0.023236383469,-0.993295420088
350353000000,558,350353000000,world,29.0676684542,3.87271953235,1.46200120994,0.0234417089045,-0.110791539388,-0.023236383469,-0.993295420088
350386000000,559,350386000000,world,29.0676684542,3.87271953235,1.46200120994,0.0234417089045,-0.110791539388,-0.023236383469,-0.993295420088
350419000000,560,350419000000,world,29.0676684542,3.87271953235,1.46200120994,0.0234417089045,-0.110791539388,-0.023236383469,-0.993295420088
350454000000,561,350453000000,world,29.9170088202,4.04536285815,1.45355623027,0.0207859386531,-0.112196569998,-0.022230646771,-0.993219851181
350486000000,562,350486000000,world,29.9170088202,4.04536285815,1.45355623027,0.0207859386531,-0.112196569998,-0.022230646771,-0.993219851181
350519000000,563,350519000000,world,29.9170088202,4.04536285815,1.45355623027,0.0207859386531,-0.112196569998,-0.022230646771,-0.993219851181
350554000000,564,350554000000,world,29.9170088202,4.04536285815,1.45355623027,0.0207859386531,-0.112196569998,-0.022230646771,-0.993219851181
350586000000,565,350586000000,world,29.9170088202,4.04536285815,1.45355623027,0.0207859386531,-0.112196569998,-0.022230646771,-0.993219851181
350619000000,566,350619000000,world,30.7728511965,4.22135654411,1.44474546985,0.0200158291785,-0.112216932918,-0.0214875615616,-0.9932497225
350654000000,567,350654000000,world,30.7728511965,4.22135654411,1.44474546985,0.0200158291785,-0.112216932918,-0.0214875615616,-0.9932497225
350687000000,568,350686000000,world,31.4177093301,4.35070363307,1.43979452673,0.01032512624,-0.114094379131,-0.0204052194537,-0.99320667106
350719000000,569,350719000000,world,31.4177093301,4.35070363307,1.43979452673,0.01032512624,-0.114094379131,-0.0204052194537,-0.99320667106
350753000000,570,350753000000,world,31.4177093301,4.35070363307,1.43979452673,0.01032512624,-0.114094379131,-0.0204052194537,-0.99320667106
350786000000,571,350786000000,world,31.4177093301,4.35070363307,1.43979452673,0.01032512624,-0.114094379131,-0.0204052194537,-0.99320667106
350819000000,572,350819000000,world,32.0618926911,4.46521993143,1.44082373287,0.0196476050802,0.110453573193,0.0175376621184,0.993532289456
350853000000,573,350853000000,world,32.0618926911,4.46521993143,1.44082373287,0.0196476050802,0.110453573193,0.0175376621184,0.993532289456
350887000000,574,350886000000,world,32.4985903001,4.53860589641,1.44176338898,0.0418684766917,0.106258886054,0.0146778466834,0.993348197064
350919000000,575,350919000000,world,32.4985903001,4.53860589641,1.44176338898,0.0418684766917,0.106258886054,0.0146778466834,0.993348197064
350953000000,576,350953000000,world,32.4985903001,4.53860589641,1.44176338898,0.0418684766917,0.106258886054,0.0146778466834,0.993348197064
350987000000,577,350986000000,world,33.3518642424,4.67445130017,1.43824718758,0.0568959743367,0.105338206852,0.00935051055718,0.992763455328
351019000000,578,351019000000,world,33.3518642424,4.67445130017,1.43824718758,0.0568959743367,0.105338206852,0.00935051055718,0.992763455328
351053000000,579,351053000000,world,33.7909856717,4.75024784629,1.4361557446,0.037974588912,0.105568992575,0.00887582049303,0.993646988731
351086000000,580,351086000000,world,33.7909856717,4.75024784629,1.4361557446,0.037974588912,0.105568992575,0.00887582049303,0.993646988731
351119000000,581,351119000000,world,33.7909856717,4.75024784629,1.4361557446,0.037974588912,0.105568992575,0.00887582049303,0.993646988731
351153000000,582,351153000000,world,33.7909856717,4.75024784629,1.4361557446,0.037974588912,0.105568992575,0.00887582049303,0.993646988731
351186000000,583,351186000000,world,34.6426524805,4.90056383802,1.43311862154,0.0207556512031,-0.106994630429,-0.0135556594014,-0.993950499824
351220000000,584,351220000000,world,34.6426524805,4.90056383802,1.43311862154,0.0207556512031,-0.106994630429,-0.0135556594014,-0.993950499824
351254000000,585,351253000000,world,34.6426524805,4.90056383802,1.43311862154,0.0207556512031,-0.106994630429,-0.0135556594014,-0.993950499824
351287000000,586,351286000000,world,35.2869008388,5.01371273449,1.42971717505,0.0625554185922,-0.108649978854,-0.0199754869829,-0.991908756701
351320000000,587,351319000000,world,35.2869008388,5.01371273449,1.42971717505,0.0625554185922,-0.108649978854,-0.0199754869829,-0.991908756701
351353000000,588,351353000000,world,35.2869008388,5.01371273449,1.42971717505,0.0625554185922,-0.108649978854,-0.0199754869829,-0.991908756701
351387000000,589,351386000000,world,35.9291121166,5.1215882505,1.42866558581,0.0805059086547,-0.105701303852,-0.0258629843661,-0.990796214706
351419000000,590,351419000000,world,35.9291121166,5.1215882505,1.42866558581,0.0805059086547,-0.105701303852,-0.0258629843661,-0.990796214706
351453000000,591,351453000000,world,35.9291121166,5.1215882505,1.42866558581,0.0805059086547,-0.105701303852,-0.0258629843661,-0.990796214706
351486000000,592,351486000000,world,36.571954168,5.2231944421,1.42675599026,0.0679806701619,-0.103693790212,-0.0284175087463,-0.991876338841
351519000000,593,351519000000,world,36.571954168,5.2231944421,1.42675599026,0.0679806701619,-0.103693790212,-0.0284175087463,-0.991876338841
351554000000,594,351553000000,world,36.571954168,5.2231944421,1.42675599026,0.0679806701619,-0.103693790212,-0.0284175087463,-0.991876338841
351587000000,595,351586000000,world,37.2227552457,5.3263838562,1.42361015031,0.0416965823528,-0.105173719316,-0.0272670167288,-0.993205111537
351619000000,596,351619000000,world,37.2227552457,5.3263838562,1.42361015031,0.0416965823528,-0.105173719316,-0.0272670167288,-0.993205111537
351653000000,597,351653000000,world,37.2227552457,5.3263838562,1.42361015031,0.0416965823528,-0.105173719316,-0.0272670167288,-0.993205111537
351686000000,598,351686000000,world,37.8658315637,5.45042643676,1.41585934777,0.0458188217686,-0.107112630103,-0.0253907655557,-0.992865967323
351719000000,599,351719000000,world,37.8658315637,5.45042643676,1.41585934777,0.0458188217686,-0.107112630103,-0.0253907655557,-0.992865967323
351753000000,600,351753000000,world,37.8658315637,5.45042643676,1.41585934777,0.0458188217686,-0.107112630103,-0.0253907655557,-0.992865967323
351786000000,601,351786000000,world,38.5085995339,5.57912457223,1.40931351196,0.0491573983072,-0.108761486799,-0.0243045948967,-0.992554167715
351819000000,602,351819000000,world,38.5085995339,5.57912457223,1.40931351196,0.0491573983072,-0.108761486799,-0.0243045948967,-0.992554167715
351853000000,603,351853000000,world,38.5085995339,5.57912457223,1.40931351196,0.0491573983072,-0.108761486799,-0.0243045948967,-0.992554167715
351886000000,604,351886000000,world,39.145265254,5.70610249517,1.40439274804,0.04150598953,-0.110614366227,-0.0232078881341,-0.992725092231
351919000000,605,351919000000,world,39.145265254,5.70610249517,1.40439274804,0.04150598953,-0.110614366227,-0.0232078881341,-0.992725092231
351954000000,606,351954000000,world,39.145265254,5.70610249517,1.40439274804,0.04150598953,-0.110614366227,-0.0232078881341,-0.992725092231
351987000000,607,351986000000,world,39.7876336528,5.83626694503,1.40098823659,0.0304431300785,-0.110019033831,-0.0215708422506,-0.993228939767
352019000000,608,352019000000,world,39.7876336528,5.83626694503,1.40098823659,0.0304431300785,-0.110019033831,-0.0215708422506,-0.993228939767
352053000000,609,352053000000,world,39.7876336528,5.83626694503,1.40098823659,0.0304431300785,-0.110019033831,-0.0215708422506,-0.993228939767
352086000000,610,352086000000,world,40.4302081614,5.96948379357,1.39765245525,0.0219952462939,-0.109320249186,-0.0196331308854,-0.993569238871
352120000000,611,352119000000,world,40.4302081614,5.96948379357,1.39765245525,0.0219952462939,-0.109320249186,-0.0196331308854,-0.993569238871
352153000000,612,352153000000,world,40.4302081614,5.96948379357,1.39765245525,0.0219952462939,-0.109320249186,-0.0196331308854,-0.993569238871
352186000000,613,352186000000,world,41.0741214335,6.10491549843,1.39313542112,0.0169145424092,-0.110878847822,-0.0179487025586,-0.993527867469
352219000000,614,352219000000,world,41.0741214335,6.10491549843,1.39313542112,0.0169145424092,-0.110878847822,-0.0179487025586,-0.993527867469
352253000000,615,352253000000,world,41.5123806989,6.19767752359,1.3901363686,0.0148050431458,-0.112451684306,-0.0170349468301,-0.993400845571
352286000000,616,352286000000,world,41.5123806989,6.19767752359,1.3901363686,0.0148050431458,-0.112451684306,-0.0170349468301,-0.993400845571
352320000000,617,352319000000,world,41.5123806989,6.19767752359,1.3901363686,0.0148050431458,-0.112451684306,-0.0170349468301,-0.993400845571
352354000000,618,352353000000,world,41.5123806989,6.19767752359,1.3901363686,0.0148050431458,-0.112451684306,-0.0170349468301,-0.993400845571
352387000000,619,352386000000,world,42.3633335008,6.37661135211,1.38682005726,0.0129192085725,-0.112494706946,-0.0158337244751,-0.993442161441
352419000000,620,352419000000,world,42.3633335008,6.37661135211,1.38682005726,0.0129192085725,-0.112494706946,-0.0158337244751,-0.993442161441
352453000000,621,352453000000,world,42.3633335008,6.37661135211,1.38682005726,0.0129192085725,-0.112494706946,-0.0158337244751,-0.993442161441
352486000000,622,352486000000,world,43.0154067252,6.51276960346,1.38400420989,0.0135542322114,-0.11251885567,-0.0153018615052,-0.993439300079
352520000000,623,352519000000,world,43.0154067252,6.51276960346,1.38400420989,0.0135542322114,-0.11251885567,-0.0153018615052,-0.993439300079
352553000000,624,352553000000,world,43.0154067252,6.51276960346,1.38400420989,0.0135542322114,-0.11251885567,-0.0153018615052,-0.993439300079
352586000000,625,352586000000,world,43.0154067252,6.51276960346,1.38400420989,0.0135542322114,-0.11251885567,-0.0153018615052,-0.993439300079
352619000000,626,352619000000,world,43.8792976817,6.69075369358,1.38296983578,0.0139098706092,-0.107803960099,-0.0150061349682,-0.993961587588
352653000000,627,352653000000,world,43.8792976817,6.69075369358,1.38296983578,0.0139098706092,-0.107803960099,-0.0150061349682,-0.993961587588
352686000000,628,352686000000,world,43.8792976817,6.69075369358,1.38296983578,0.0139098706092,-0.107803960099,-0.0150061349682,-0.993961587588
352719000000,629,352719000000,world,44.5197801449,6.82223076871,1.37993643352,0.0169089230149,-0.109006026958,-0.0151594220248,-0.993781649223
352753000000,630,352753000000,world,44.5197801449,6.82223076871,1.37993643352,0.0169089230149,-0.109006026958,-0.0151594220248,-0.993781649223
352787000000,631,352787000000,world,44.5197801449,6.82223076871,1.37993643352,0.0169089230149,-0.109006026958,-0.0151594220248,-0.993781649223
352820000000,632,352819000000,world,45.1669068542,6.95344282646,1.37741964046,0.0184826055835,-0.110349525283,-0.0154442424151,-0.993600951558
352854000000,633,352853000000,world,45.1669068542,6.95344282646,1.37741964046,0.0184826055835,-0.110349525283,-0.0154442424151,-0.993600951558
352886000000,634,352886000000,world,45.1669068542,6.95344282646,1.37741964046,0.0184826055835,-0.110349525283,-0.0154442424151,-0.993600951558
352919000000,635,352919000000,world,45.814033428,7.0841937786,1.37535440437,0.0201125485468,-0.111031638493,-0.0156786310769,-0.993489628115
352954000000,636,352953000000,world,45.814033428,7.0841937786,1.37535440437,0.0201125485468,-0.111031638493,-0.0156786310769,-0.993489628115
352986000000,637,352986000000,world,45.814033428,7.0841937786,1.37535440437,0.0201125485468,-0.111031638493,-0.0156786310769,-0.993489628115
353019000000,638,353019000000,world,46.4604963698,7.21443058791,1.37377757407,0.0211342094837,-0.109741758491,-0.015838573868,-0.993609194407
353053000000,639,353053000000,world,46.4604963698,7.21443058791,1.37377757407,0.0211342094837,-0.109741758491,-0.015838573868,-0.993609194407
353086000000,640,353086000000,world,46.4604963698,7.21443058791,1.37377757407,0.0211342094837,-0.109741758491,-0.015838573868,-0.993609194407
353119000000,641,353119000000,world,47.1335451585,7.34983916742,1.37128267663,0.021996513219,-0.109554644803,-0.0159357275531,-0.993609574126
353153000000,642,353153000000,world,47.1335451585,7.34983916742,1.37128267663,0.021996513219,-0.109554644803,-0.0159357275531,-0.993609574126
353186000000,643,353186000000,world,47.1335451585,7.34983916742,1.37128267663,0.021996513219,-0.109554644803,-0.0159357275531,-0.993609574126
353219000000,644,353219000000,world,47.7686564236,7.47776065966,1.36796457834,0.0229984754647,-0.111020894695,-0.0159392509307,-0.993424064208
353254000000,645,353254000000,world,47.7686564236,7.47776065966,1.36796457834,0.0229984754647,-0.111020894695,-0.0159392509307,-0.993424064208
353286000000,646,353286000000,world,47.7686564236,7.47776065966,1.36796457834,0.0229984754647,-0.111020894695,-0.0159392509307,-0.993424064208
353319000000,647,353319000000,world,48.4171304217,7.60843650771,1.3646105335,0.0235061945797,-0.11265921508,-0.0158998297436,-0.993228350123
353353000000,648,353353000000,world,48.4171304217,7.60843650771,1.3646105335,0.0235061945797,-0.11265921508,-0.0158998297436,-0.993228350123
353386000000,649,353386000000,world,48.4171304217,7.60843650771,1.3646105335,0.0235061945797,-0.11265921508,-0.0158998297436,-0.993228350123
353420000000,650,353419000000,world,49.0518296346,7.73674929538,1.36236786809,0.0234820780956,-0.111288541988,-0.0157772156427,-0.993385389412
353454000000,651,353453000000,world,49.0518296346,7.73674929538,1.36236786809,0.0234820780956,-0.111288541988,-0.0157772156427,-0.993385389412
353487000000,652,353486000000,world,49.0518296346,7.73674929538,1.36236786809,0.0234820780956,-0.111288541988,-0.0157772156427,-0.993385389412
353520000000,653,353519000000,world,49.7060464728,7.86929354159,1.35990904971,0.0230372978737,-0.109330265795,-0.0155871690625,-0.993616231776
353554000000,654,353553000000,world,49.7060464728,7.86929354159,1.35990904971,0.0230372978737,-0.109330265795,-0.0155871690625,-0.993616231776
353586000000,655,353586000000,world,49.7060464728,7.86929354159,1.35990904971,0.0230372978737,-0.109330265795,-0.0155871690625,-0.993616231776
353619000000,656,353619000000,world,50.3469321416,7.99921942817,1.35822084944,0.0218316391169,-0.106679898268,-0.0153252621685,-0.993935568927
353653000000,657,353653000000,world,50.3469321416,7.99921942817,1.35822084944,0.0218316391169,-0.106679898268,-0.0153252621685,-0.993935568927
