557072000000,58,557072000000,world,0.102011371241,0.00103885715205,-0.00410786346758,-1.64521591595e-06,-0.000159248759396,-1.46697871537e-05,0.999999987211
557105000000,59,557105000000,world,0.102011371241,0.00103885715205,-0.00410786346758,-1.64521591595e-06,-0.000159248759396,-1.46697871537e-05,0.999999987211
557140000000,60,557140000000,world,0.101938918347,0.00104797469873,-0.00416755741795,-4.31723874206e-07,-0.000158133538894,-1.5212770485e-05,0.999999987381
557172000000,61,557172000000,world,0.101938918347,0.00104797469873,-0.00416755741795,-4.31723874206e-07,-0.000158133538894,-1.5212770485e-05,0.999999987381
557205000000,62,557205000000,world,0.101938918347,0.00104797469873,-0.00416755741795,-4.31723874206e-07,-0.000158133538894,-1.5212770485e-05,0.999999987381
557239000000,63,557239000000,world,0.101938918347,0.00104797469873,-0.00416755741795,-4.31723874206e-07,-0.000158133538894,-1.5212770485e-05,0.999999987381
557272000000,64,557272000000,world,0.101787985318,0.0010617236827,-0.00424739943337,7.54633883382e-07,-0.000157989129929,-1.58975219625e-05,0.999999987393
557305000000,65,557305000000,world,0.101787985318,0.0010617236827,-0.00424739943337,7.54633883382e-07,-0.000157989129929,-1.58975219625e-05,0.999999987393
557339000000,66,557339000000,world,0.101824510171,0.00106370808759,-0.00427028286075,1.79673179523e-06,-0.0001541784109,-1.62925473629e-05,0.99999998798
557372000000,67,557372000000,world,0.101824510171,0.00106370808759,-0.00427028286075,1.79673179523e-06,-0.0001541784109,-1.62925473629e-05,0.99999998798
557405000000,68,557405000000,world,0.101824510171,0.00106370808759,-0.00427028286075,1.79673179523e-06,-0.0001541784109,-1.62925473629e-05,0.99999998798
557440000000,69,557439000000,world,0.101824510171,0.00106370808759,-0.00427028286075,1.79673179523e-06,-0.0001541784109,-1.62925473629e-05,0.99999998798
557472000000,70,557472000000,world,0.101679547225,0.0010767521992,-0.00434056103785,2.7535508339e-06,-0.000153344006557,-1.69802077702e-05,0.999999988095
557505000000,71,557505000000,world,0.101679547225,0.0010767521992,-0.00434056103785,2.7535508339e-06,-0.000153344006557,-1.69802077702e-05,0.999999988095
557539000000,72,557539000000,world,0.101679547225,0.0010767521992,-0.00434056103785,2.7535508339e-06,-0.000153344006557,-1.69802077702e-05,0.999999988095
557572000000,73,557572000000,world,0.101679547225,0.0010767521992,-0.00434056103785,2.7535508339e-06,-0.000153344006557,-1.69802077702e-05,0.999999988095
557606000000,74,557605000000,world,0.101545683341,0.00108821664726,-0.00440332108089,3.65054623297e-06,-0.000151827078175,-1.76673436467e-05,0.999999988312
557639000000,75,557639000000,world,0.101545683341,0.00108821664726,-0.00440332108089,3.65054623297e-06,-0.000151827078175,-1.76673436467e-05,0.999999988312
557672000000,76,557672000000,world,0.101545683341,0.00108821664726,-0.00440332108089,3.65054623297e-06,-0.000151827078175,-1.76673436467e-05,0.999999988312
557706000000,77,557705000000,world,0.101545683341,0.00108821664726,-0.00440332108089,3.65054623297e-06,-0.000151827078175,-1.76673436467e-05,0.999999988312
557740000000,78,557739000000,world,0.101428075796,0.00109838254482,-0.00445820688039,4.47587101615e-06,-0.000149574648421,-1.83511185237e-05,0.999999988635
557772000000,79,557772000000,world,0.101428075796,0.00109838254482,-0.00445820688039,4.47587101615e-06,-0.000149574648421,-1.83511185237e-05,0.999999988635
557805000000,80,557805000000,world,0.101428075796,0.00109838254482,-0.00445820688039,4.47587101615e-06,-0.000149574648421,-1.83511185237e-05,0.999999988635
557839000000,81,557839000000,world,0.101420468963,0.0011053831665,-0.00448520715059,5.13277867958e-06,-0.000145442424943,-1.8874589422e-05,0.999999989232
557872000000,82,557872000000,world,0.101420468963,0.0011053831665,-0.00448520715059,5.13277867958e-06,-0.000145442424943,-1.8874589422e-05,0.999999989232
557906000000,83,557905000000,world,0.101416626546,0.00111371419652,-0.00450949766815,5.64276992798e-06,-0.000141276711289,-1.93887121924e-05,0.999999989817
557939000000,84,557939000000,world,0.101416626546,0.00111371419652,-0.00450949766815,5.64276992798e-06,-0.000141276711289,-1.93887121924e-05,0.999999989817
557972000000,85,557972000000,world,0.101416626546,0.00111371419652,-0.00450949766815,5.64276992798e-06,-0.000141276711289,-1.93887121924e-05,0.999999989817
558005000000,86,558005000000,world,0.101411695345,0.00112329970472,-0.00453188121496,6.02197657595e-06,-0.000137237596654,-1.98945260713e-05,0.999999990367
558039000000,87,558039000000,world,0.101411695345,0.00112329970472,-0.00453188121496,6.02197657595e-06,-0.000137237596654,-1.98945260713e-05,0.999999990367
558072000000,88,558072000000,world,0.101411695345,0.00112329970472,-0.00453188121496,6.02197657595e-06,-0.000137237596654,-1.98945260713e-05,0.999999990367
558105000000,89,558105000000,world,0.101411695345,0.00112329970472,-0.00453188121496,6.02197657595e-06,-0.000137237596654,-1.98945260713e-05,0.999999990367
558139000000,90,558139000000,world,0.101388475767,0.00113317382693,-0.00455398945106,6.31508659488e-06,-0.000133626132676,-2.03942533212e-05,0.999999990844
558173000000,91,558172000000,world,0.101388475767,0.00113317382693,-0.00455398945106,6.31508659488e-06,-0.000133626132676,-2.03942533212e-05,0.999999990844
558205000000,92,558205000000,world,0.101388475767,0.00113317382693,-0.00455398945106,6.31508659488e-06,-0.000133626132676,-2.03942533212e-05,0.999999990844
558240000000,93,558239000000,world,0.101363687244,0.00114380844393,-0.00457426913839,6.52013232205e-06,-0.000130124025924,-2.08889408e-05,0.999999991294
558272000000,94,558272000000,world,0.101363687244,0.00114380844393,-0.00457426913839,6.52013232205e-06,-0.000130124025924,-2.08889408e-05,0.999999991294
558305000000,95,558305000000,world,0.101363687244,0.00114380844393,-0.00457426913839,6.52013232205e-06,-0.000130124025924,-2.08889408e-05,0.999999991294
558340000000,96,558339000000,world,0.101363687244,0.00114380844393,-0.00457426913839,6.52013232205e-06,-0.000130124025924,-2.08889408e-05,0.999999991294
558372000000,97,558372000000,world,0.101235993011,0.00115519405068,-0.00460965268262,6.75229162328e-06,-0.00012800384225,-2.15327818992e-05,0.999999991553
558405000000,98,558405000000,world,0.101235993011,0.00115519405068,-0.00460965268262,6.75229162328e-06,-0.00012800384225,-2.15327818992e-05,0.999999991553
558439000000,99,558439000000,world,0.101235993011,0.00115519405068,-0.00460965268262,6.75229162328e-06,-0.00012800384225,-2.15327818992e-05,0.999999991553
558472000000,100,558472000000,world,0.101235993011,0.00115519405068,-0.00460965268262,6.75229162328e-06,-0.00012800384225,-2.15327818992e-05,0.999999991553
558505000000,101,558505000000,world,0.101142013946,0.00116733331965,-0.00463716604008,6.89742946691e-06,-0.000125139121095,-2.21609967877e-05,0.999999991901
558539000000,102,558539000000,world,0.101142013946,0.00116733331965,-0.00463716604008,6.89742946691e-06,-0.000125139121095,-2.21609967877e-05,0.999999991901
558572000000,103,558572000000,world,0.101126259775,0.00117761249389,-0.00464832405446,6.9741764378e-06,-0.000121328361742,-2.26306252313e-05,0.999999992359
558605000000,104,558605000000,world,0.101126259775,0.00117761249389,-0.00464832405446,6.9741764378e-06,-0.000121328361742,-2.26306252313e-05,0.999999992359
558640000000,105,558639000000,world,0.101126259775,0.00117761249389,-0.00464832405446,6.9741764378e-06,-0.000121328361742,-2.26306252313e-05,0.999999992359
558672000000,106,558672000000,world,0.101097822114,0.00118701896664,-0.0046588280299,7.03275524783e-06,-0.000117782072289,-2.30893133804e-05,0.999999992772
558706000000,107,558705000000,world,0.101097822114,0.00118701896664,-0.0046588280299,7.03275524783e-06,-0.000117782072289,-2.30893133804e-05,0.999999992772
558739000000,108,558739000000,world,0.101097822114,0.00118701896664,-0.0046588280299,7.03275524783e-06,-0.000117782072289,-2.30893133804e-05,0.999999992772
558773000000,109,558773000000,world,0.10105686331,0.00119537509243,-0.00466869299128,7.08042810765e-06,-0.000114492365287,-2.35364124855e-05,0.999999993144
558805000000,110,558805000000,world,0.10105686331,0.00119537509243,-0.00466869299128,7.08042810765e-06,-0.000114492365287,-2.35364124855e-05,0.999999993144
558839000000,111,558839000000,world,0.10105686331,0.00119537509243,-0.00466869299128,7.08042810765e-06,-0.000114492365287,-2.35364124855e-05,0.999999993144
558872000000,112,558872000000,world,0.10105686331,0.00119537509243,-0.00466869299128,7.08042810765e-06,-0.000114492365287,-2.35364124855e-05,0.999999993144
558905000000,113,558905000000,world,0.101016658609,0.00120409212431,-0.00467688166479,7.08202664396e-06,-0.000111211628464,-2.39807709811e-05,0.999999993503
558939000000,114,558939000000,world,0.101016658609,0.00120409212431,-0.00467688166479,7.08202664396e-06,-0.000111211628464,-2.39807709811e-05,0.999999993503
558973000000,115,558973000000,world,0.101016658609,0.00120409212431,-0.00467688166479,7.08202664396e-06,-0.000111211628464,-2.39807709811e-05,0.999999993503
559005000000,116,559005000000,world,0.100983225568,0.00121320885606,-0.00468266692752,7.04126637352e-06,-0.000107917002179,-2.4410766623e-05,0.999999993854
559040000000,117,559039000000,world,0.100983225568,0.00121320885606,-0.00468266692752,7.04126637352e-06,-0.000107917002179,-2.4410766623e-05,0.999999993854
559072000000,118,559072000000,world,0.100983225568,0.00121320885606,-0.00468266692752,7.04126637352e-06,-0.000107917002179,-2.4410766623e-05,0.999999993854
559105000000,119,559105000000,world,0.1009479819,0.0012227778833,-0.004687209029,6.96915428339e-06,-0.000104733381306,-2.48418484882e-05,0.999999994183
559139000000,120,559139000000,world,0.1009479819,0.0012227778833,-0.004687209029,6.96915428339e-06,-0.000104733381306,-2.48418484882e-05,0.999999994183
559173000000,121,559172000000,world,0.1009479819,0.0012227778833,-0.004687209029,6.96915428339e-06,-0.000104733381306,-2.48418484882e-05,0.999999994183
559205000000,122,559205000000,world,0.100912947519,0.00123282692417,-0.00469023974964,6.86972409553e-06,-0.000101648521858,-2.52721185082e-05,0.999999994491
559239000000,123,559239000000,world,0.100912947519,0.00123282692417,-0.00469023974964,6.86972409553e-06,-0.000101648521858,-2.52721185082e-05,0.999999994491
559272000000,124,559272000000,world,0.100912947519,0.00123282692417,-0.00469023974964,6.86972409553e-06,-0.000101648521858,-2.52721185082e-05,0.999999994491
559305000000,125,559305000000,world,0.100877895585,0.00124343757095,-0.0046917750827,6.74718621518e-06,-9.86683982857e-05,-2.57048734744e-05,0.999999994779
559340000000,126,559339000000,world,0.100877895585,0.00124343757095,-0.0046917750827,6.74718621518e-06,-9.86683982857e-05,-2.57048734744e-05,0.999999994779
559372000000,127,559372000000,world,0.100877895585,0.00124343757095,-0.0046917750827,6.74718621518e-06,-9.86683982857e-05,-2.57048734744e-05,0.999999994779
559406000000,128,559406000000,world,0.100828755534,0.00125367045786,-0.00469274371243,6.6372427483e-06,-9.60188600318e-05,-2.61486410363e-05,0.999999995026
559439000000,129,559439000000,world,0.100828755534,0.00125367045786,-0.00469274371243,6.6372427483e-06,-9.60188600318e-05,-2.61486410363e-05,0.999999995026
559473000000,130,559472000000,world,0.100834899413,0.00126359615535,-0.00468767862227,6.5004121681e-06,-9.30473947086e-05,-2.64770447446e-05,0.999999995299
559505000000,131,559505000000,world,0.100834899413,0.00126359615535,-0.00468767862227,6.5004121681e-06,-9.30473947086e-05,-2.64770447446e-05,0.999999995299
559539000000,132,559539000000,world,0.100834899413,0.00126359615535,-0.00468767862227,6.5004121681e-06,-9.30473947086e-05,-2.64770447446e-05,0.999999995299
559572000000,133,559572000000,world,0.100834899413,0.00126359615535,-0.00468767862227,6.5004121681e-06,-9.30473947086e-05,-2.64770447446e-05,0.999999995299
559605000000,134,559605000000,world,0.100701694801,0.00127450773617,-0.0046931506327,6.42077102375e-06,-9.14854456685e-05,-2.70858758606e-05,0.999999995428
559639000000,135,559639000000,world,0.100701694801,0.00127450773617,-0.0046931506327,6.42077102375e-06,-9.14854456685e-05,-2.70858758606e-05,0.999999995428
559672000000,136,559672000000,world,0.100701694801,0.00127450773617,-0.0046931506327,6.42077102375e-06,-9.14854456685e-05,-2.70858758606e-05,0.999999995428
559705000000,137,559705000000,world,0.100644066339,0.00128583138631,-0.00469065396495,6.28531102981e-06,-8.91055172708e-05,-2.75630032971e-05,0.99999999563
559740000000,138,559739000000,world,0.100644066339,0.00128583138631,-0.00469065396495,6.28531102981e-06,-8.91055172708e-05,-2.75630032971e-05,0.99999999563
559772000000,139,559772000000,world,0.100654159326,0.00129735074598,-0.00468270807554,6.10666823658e-06,-8.61548744393e-05,-2.79076143436e-05,0.999999995881
559806000000,140,559805000000,world,0.100654159326,0.00129735074598,-0.00468270807554,6.10666823658e-06,-8.61548744393e-05,-2.79076143436e-05,0.999999995881
559839000000,141,559839000000,world,0.100654159326,0.00129735074598,-0.00468270807554,6.10666823658e-06,-8.61548744393e-05,-2.79076143436e-05,0.999999995881
559872000000,142,559872000000,world,0.100594086552,0.0013094858791,-0.00467846265911,5.95779167972e-06,-8.39782937362e-05,-2.83934747398e-05,0.999999996053
559905000000,143,559905000000,world,0.100594086552,0.0013094858791,-0.00467846265911,5.95779167972e-06,-8.39782937362e-05,-2.83934747398e-05,0.999999996053
559939000000,144,559939000000,world,0.100594086552,0.0013094858791,-0.00467846265911,5.95779167972e-06,-8.39782937362e-05,-2.83934747398e-05,0.999999996053
559972000000,145,559972000000,world,0.100535185701,0.00132213321871,-0.00467286949653,5.80263486466e-06,-8.18341351023e-05,-2.88854342062e-05,0.999999996218
560005000000,146,560005000000,world,0.100535185701,0.00132213321871,-0.00467286949653,5.80263486466e-06,-8.18341351023e-05,-2.88854342062e-05,0.999999996218
560040000000,147,560039000000,world,0.100535185701,0.00132213321871,-0.00467286949653,5.80263486466e-06,-8.18341351023e-05,-2.88854342062e-05,0.999999996218
560072000000,148,560072000000,world,0.100535185701,0.00132213321871,-0.00467286949653,5.80263486466e-06,-8.18341351023e-05,-2.88854342062e-05,0.999999996218
560105000000,149,560105000000,world,0.100416410991,0.00133599396108,-0.00466811097609,5.67496943316e-06,-8.01880678718e-05,-2.95242895972e-05,0.999999996333
560140000000,150,560140000000,world,0.100416410991,0.00133599396108,-0.00466811097609,5.67496943316e-06,-8.01880678718e-05,-2.95242895972e-05,0.999999996333
560172000000,151,560172000000,world,0.100416410991,0.00133599396108,-0.00466811097609,5.67496943316e-06,-8.01880678718e-05,-2.95242895972e-05,0.999999996333
560205000000,152,560205000000,world,0.100367165751,0.00134987280943,-0.00465884462702,5.51111235481e-06,-7.78756536062e-05,-3.00341198285e-05,0.999999996501
560239000000,153,560239000000,world,0.100367165751,0.00134987280943,-0.00465884462702,5.51111235481e-06,-7.78756536062e-05,-3.00341198285e-05,0.999999996501
560272000000,154,560272000000,world,0.100367165751,0.00134987280943,-0.00465884462702,5.51111235481e-06,-7.78756536062e-05,-3.00341198285e-05,0.999999996501
560305000000,155,560305000000,world,0.100367165751,0.00134987280943,-0.00465884462702,5.51111235481e-06,-7.78756536062e-05,-3.00341198285e-05,0.999999996501
560339000000,156,560339000000,world,0.10026289187,0.00136514838402,-0.00464927490668,5.37247536558e-06,-7.59621787472e-05,-3.06907242467e-05,0.999999996629
560373000000,157,560373000000,world,0.10026289187,0.00136514838402,-0.00464927490668,5.37247536558e-06,-7.59621787472e-05,-3.06907242467e-05,0.999999996629
560405000000,158,560405000000,world,0.10026289187,0.00136514838402,-0.00464927490668,5.37247536558e-06,-7.59621787472e-05,-3.06907242467e-05,0.999999996629
560439000000,159,560439000000,world,0.100232952628,0.00138030854914,-0.00463640864077,5.1991994986e-06,-7.33921345448e-05,-3.12069737256e-05,0.999999996806
560472000000,160,560472000000,world,0.100232952628,0.00138030854914,-0.00463640864077,5.1991994986e-06,-7.33921345448e-05,-3.12069737256e-05,0.999999996806
560506000000,161,560505000000,world,0.100232952628,0.00138030854914,-0.00463640864077,5.1991994986e-06,-7.33921345448e-05,-3.12069737256e-05,0.999999996806
560539000000,162,560539000000,world,0.100218923842,0.00139738188392,-0.00462183910958,4.98419344719e-06,-7.06493407839e-05,-3.17353556442e-05,0.999999996988
560573000000,163,560572000000,world,0.100218923842,0.00139738188392,-0.00462183910958,4.98419344719e-06,-7.06493407839e-05,-3.17353556442e-05,0.999999996988
560605000000,164,560605000000,world,0.100218923842,0.00139738188392,-0.00462183910958,4.98419344719e-06,-7.06493407839e-05,-3.17353556442e-05,0.999999996988
560639000000,165,560639000000,world,0.100218923842,0.00139738188392,-0.00462183910958,4.98419344719e-06,-7.06493407839e-05,-3.17353556442e-05,0.999999996988
560672000000,166,560672000000,world,0.100141899012,0.00141526405833,-0.00460666640604,4.83176802735e-06,-6.85525200796e-05,-3.24088585396e-05,0.999999997113
560705000000,167,560705000000,world,0.100141899012,0.00141526405833,-0.00460666640604,4.83176802735e-06,-6.85525200796e-05,-3.24088585396e-05,0.999999997113
560739000000,168,560739000000,world,0.100141899012,0.00141526405833,-0.00460666640604,4.83176802735e-06,-6.85525200796e-05,-3.24088585396e-05,0.999999997113
560772000000,169,560772000000,world,0.100130785623,0.00143243073087,-0.00459046094721,4.64906206743e-06,-6.59744704339e-05,-3.29392007861e-05,0.99999999727
560806000000,170,560805000000,world,0.100130785623,0.00143243073087,-0.00459046094721,4.64906206743e-06,-6.59744704339e-05,-3.29392007861e-05,0.99999999727
560839000000,171,560839000000,world,0.100130785623,0.00143243073087,-0.00459046094721,4.64906206743e-06,-6.59744704339e-05,-3.29392007861e-05,0.99999999727
560873000000,172,560873000000,world,0.100130785623,0.00143243073087,-0.00459046094721,4.64906206743e-06,-6.59744704339e-05,-3.29392007861e-05,0.99999999727
560905000000,173,560905000000,world,0.100082626327,0.00145341720619,-0.0045716864609,4.43914260834e-06,-6.36403450385e-05,-3.36314883095e-05,0.9999999974
560940000000,174,560940000000,world,0.100082626327,0.00145341720619,-0.0045716864609,4.43914260834e-06,-6.36403450385e-05,-3.36314883095e-05,0.9999999974
560972000000,175,560972000000,world,0.100082626327,0.00145341720619,-0.0045716864609,4.43914260834e-06,-6.36403450385e-05,-3.36314883095e-05,0.9999999974
561005000000,176,561005000000,world,0.100096027193,0.00147325345019,-0.00455345920201,4.23120214865e-06,-6.09644456062e-05,-3.417492721e-05,0.999999997549
561039000000,177,561039000000,world,0.100096027193,0.00147325345019,-0.00455345920201,4.23120214865e-06,-6.09644456062e-05,-3.417492721e-05,0.999999997549
561072000000,178,561072000000,world,0.100096027193,0.00147325345019,-0.00455345920201,4.23120214865e-06,-6.09644456062e-05,-3.417492721e-05,0.999999997549
561105000000,179,561105000000,world,0.10010949883,0.0014935664129,-0.00453509579627,4.02618052509e-06,-5.84581096027e-05,-3.47223210944e-05,0.99999999768
561140000000,180,561139000000,world,0.10010949883,0.0014935664129,-0.00453509579627,4.02618052509e-06,-5.84581096027e-05,-3.47223210944e-05,0.99999999768
561172000000,181,561172000000,world,0.10010949883,0.0014935664129,-0.00453509579627,4.02618052509e-06,-5.84581096027e-05,-3.47223210944e-05,0.99999999768
561205000000,182,561205000000,world,0.100110841961,0.00151308954823,-0.0045168727552,3.85639666445e-06,-5.62825586523e-05,-3.52693978405e-05,0.999999997787
561240000000,183,561240000000,world,0.100110841961,0.00151308954823,-0.0045168727552,3.85639666445e-06,-5.62825586523e-05,-3.52693978405e-05,0.999999997787
561272000000,184,561272000000,world,0.100110841961,0.00151308954823,-0.0045168727552,3.85639666445e-06,-5.62825586523e-05,-3.52693978405e-05,0.999999997787
561305000000,185,561305000000,world,0.10011035266,0.00153311166751,-0.00449829223349,3.68090069613e-06,-5.42568632393e-05,-3.58252499406e-05,0.99999999788
561339000000,186,561339000000,world,0.10011035266,0.00153311166751,-0.00449829223349,3.68090069613e-06,-5.42568632393e-05,-3.58252499406e-05,0.99999999788
561372000000,187,561372000000,world,0.100101885693,0.00155225028483,-0.00447981752594,3.5378638612e-06,-5.24830278646e-05,-3.63721194471e-05,0.999999997955
561406000000,188,561406000000,world,0.100101885693,0.00155225028483,-0.00447981752594,3.5378638612e-06,-5.24830278646e-05,-3.63721194471e-05,0.999999997955
561439000000,189,561439000000,world,0.100101885693,0.00155225028483,-0.00447981752594,3.5378638612e-06,-5.24830278646e-05,-3.63721194471e-05,0.999999997955
561472000000,190,561472000000,world,0.100101885693,0.00155225028483,-0.00447981752594,3.5378638612e-06,-5.24830278646e-05,-3.63721194471e-05,0.999999997955
561505000000,191,561505000000,world,0.100092294994,0.00157185771102,-0.00446085486939,3.38828914248e-06,-5.08125978157e-05,-3.69273754416e-05,0.999999998021
561539000000,192,561539000000,world,0.100092294994,0.00157185771102,-0.00446085486939,3.38828914248e-06,-5.08125978157e-05,-3.69273754416e-05,0.999999998021
561573000000,193,561572000000,world,0.100092294994,0.00157185771102,-0.00446085486939,3.38828914248e-06,-5.08125978157e-05,-3.69273754416e-05,0.999999998021
561605000000,194,561605000000,world,0.10008244488,0.00159176018452,-0.00444151327988,3.2440306994e-06,-4.92397917719e-05,-3.74862517387e-05,0.99999999808
561640000000,195,561640000000,world,0.10008244488,0.00159176018452,-0.00444151327988,3.2440306994e-06,-4.92397917719e-05,-3.74862517387e-05,0.99999999808
561672000000,196,561672000000,world,0.10008244488,0.00159176018452,-0.00444151327988,3.2440306994e-06,-4.92397917719e-05,-3.74862517387e-05,0.99999999808
561706000000,197,561705000000,world,0.100063795941,0.00161105692434,-0.00442190716024,3.12971886807e-06,-4.787199688e-05,-3.8045887217e-05,0.999999998125
561739000000,198,561739000000,world,0.100063795941,0.00161105692434,-0.00442190716024,3.12971886807e-06,-4.787199688e-05,-3.8045887217e-05,0.999999998125
561772000000,199,561772000000,world,0.100063795941,0.00161105692434,-0.00442190716024,3.12971886807e-06,-4.787199688e-05,-3.8045887217e-05,0.999999998125
561805000000,200,561805000000,world,0.100045962619,0.00163069783283,-0.0044017913801,3.00928765617e-06,-4.6553289915e-05,-3.86092243708e-05,0.999999998167
561839000000,201,561839000000,world,0.100045962619,0.00163069783283,-0.0044017913801,3.00928765617e-06,-4.6553289915e-05,-3.86092243708e-05,0.999999998167
561872000000,202,561872000000,world,0.100045962619,0.00163069783283,-0.0044017913801,3.00928765617e-06,-4.6553289915e-05,-3.86092243708e-05,0.999999998167
561905000000,203,561905000000,world,0.100020415495,0.00164971122865,-0.00438135332673,2.918074888e-06,-4.53979903717e-05,-3.91725905729e-05,0.999999998198
561939000000,204,561939000000,world,0.100031165036,0.00166495492055,-0.00436507893506,2.826101132e-06,-4.40400304694e-05,-3.95768221775e-05,0.999999998243
561972000000,205,561972000000,world,0.100031165036,0.00166495492055,-0.00436507893506,2.826101132e-06,-4.40400304694e-05,-3.95768221775e-05,0.999999998243
562005000000,206,562005000000,world,0.100031165036,0.00166495492055,-0.00436507893506,2.826101132e-06,-4.40400304694e-05,-3.95768221775e-05,0.999999998243
562039000000,207,562039000000,world,0.100031165036,0.00166495492055,-0.00436507893506,2.826101132e-06,-4.40400304694e-05,-3.95768221775e-05,0.999999998243
562073000000,208,562072000000,world,0.100031165036,0.00166495492055,-0.00436507893506,2.826101132e-06,-4.40400304694e-05,-3.95768221775e-05,0.999999998243
562106000000,209,562105000000,world,0.0999695321418,0.00168849700347,-0.0043389460561,2.73411427459e-06,-4.32326807004e-05,-4.0309521776e-05,0.999999998249
562139000000,210,562139000000,world,0.0999695321418,0.00168849700347,-0.0043389460561,2.73411427459e-06,-4.32326807004e-05,-4.0309521776e-05,0.999999998249
562172000000,211,562172000000,world,0.0999695321418,0.00168849700347,-0.0043389460561,2.73411427459e-06,-4.32326807004e-05,-4.0309521776e-05,0.999999998249
562205000000,212,562205000000,world,0.0999467264066,0.00170823140899,-0.00431693848567,2.64398533933e-06,-4.21573175883e-05,-4.08827165836e-05,0.999999998272
562239000000,213,562239000000,world,0.0999467264066,0.00170823140899,-0.00431693848567,2.64398533933e-06,-4.21573175883e-05,-4.08827165836e-05,0.999999998272
562272000000,214,562272000000,world,0.0999467264066,0.00170823140899,-0.00431693848567,2.64398533933e-06,-4.21573175883e-05,-4.08827165836e-05,0.999999998272
562305000000,215,562305000000,world,0.0999242113509,0.00172825256075,-0.00429428253252,2.55879254424e-06,-4.11044530635e-05,-4.14633962678e-05,0.999999998292
562340000000,216,562339000000,world,0.0999242113509,0.00172825256075,-0.00429428253252,2.55879254424e-06,-4.11044530635e-05,-4.14633962678e-05,0.999999998292
562372000000,217,562372000000,world,0.0999242113509,0.00172825256075,-0.00429428253252,2.55879254424e-06,-4.11044530635e-05,-4.14633962678e-05,0.999999998292
562405000000,218,562405000000,world,0.0999056243884,0.00174827197744,-0.0042714886349,2.4755398097e-06,-4.0048775153e-05,-4.20377444772e-05,0.999999998311
562439000000,219,562439000000,world,0.0999056243884,0.00174827197744,-0.0042714886349,2.4755398097e-06,-4.0048775153e-05,-4.20377444772e-05,0.999999998311
562472000000,220,562472000000,world,0.0999056243884,0.00174827197744,-0.0042714886349,2.4755398097e-06,-4.0048775153e-05,-4.20377444772e-05,0.999999998311
562505000000,221,562505000000,world,0.0998872759393,0.00176859569935,-0.00424809947516,-2.39619314024e-06,3.9021931488e-05,4.26193737343e-05,-0.999999998328
562539000000,222,562539000000,world,0.0998872759393,0.00176859569935,-0.00424809947516,-2.39619314024e-06,3.9021931488e-05,4.26193737343e-05,-0.999999998328
562572000000,223,562572000000,world,0.0998872759393,0.00176859569935,-0.00424809947516,-2.39619314024e-06,3.9021931488e-05,4.26193737343e-05,-0.999999998328
562605000000,224,562605000000,world,0.0998692436764,0.00178926205927,-0.00422411397222,-2.31950475271e-06,3.80236559969e-05,4.32087939262e-05,-0.999999998341
562639000000,225,562639000000,world,0.0998692436764,0.00178926205927,-0.00422411397222,-2.31950475271e-06,3.80236559969e-05,4.32087939262e-05,-0.999999998341
562672000000,226,562672000000,world,0.0998692436764,0.00178926205927,-0.00422411397222,-2.31950475271e-06,3.80236559969e-05,4.32087939262e-05,-0.999999998341
562705000000,227,562705000000,world,0.0998692436764,0.00178926205927,-0.00422411397222,-2.31950475271e-06,3.80236559969e-05,4.32087939262e-05,-0.999999998341
562739000000,228,562739000000,world,0.0998218174636,0.00181515315189,-0.00419336665952,-2.24428561635e-06,3.72232019831e-05,4.39762042111e-05,-0.999999998338
562772000000,229,562772000000,world,0.0998218174636,0.00181515315189,-0.00419336665952,-2.24428561635e-06,3.72232019831e-05,4.39762042111e-05,-0.999999998338
562805000000,230,562805000000,world,0.0998218174636,0.00181515315189,-0.00419336665952,-2.24428561635e-06,3.72232019831e-05,4.39762042111e-05,-0.999999998338
562840000000,231,562840000000,world,0.0998128151008,0.00183599362456,-0.00416882140915,-2.17467645069e-06,3.61758327763e-05,4.45617612635e-05,-0.99999999835
562872000000,232,562872000000,world,0.0998128151008,0.00183599362456,-0.00416882140915,-2.17467645069e-06,3.61758327763e-05,4.45617612635e-05,-0.99999999835
562906000000,233,562905000000,world,0.0998128151008,0.00183599362456,-0.00416882140915,-2.17467645069e-06,3.61758327763e-05,4.45617612635e-05,-0.99999999835
562939000000,234,562939000000,world,0.0997756300816,0.00186242716988,-0.00413707583914,-2.10380960664e-06,3.53105116012e-05,4.53322469244e-05,-0.999999998347
562972000000,235,562972000000,world,0.0997756300816,0.00186242716988,-0.00413707583914,-2.10380960664e-06,3.53105116012e-05,4.53322469244e-05,-0.999999998347
563005000000,236,563005000000,world,0.0997756300816,0.00186242716988,-0.00413707583914,-2.10380960664e-06,3.53105116012e-05,4.53322469244e-05,-0.999999998347
563039000000,237,563039000000,world,0.0997756300816,0.00186242716988,-0.00413707583914,-2.10380960664e-06,3.53105116012e-05,4.53322469244e-05,-0.999999998347
563073000000,238,563072000000,world,0.0997805607933,0.00188488087617,-0.00411151245311,-2.00478036505e-06,3.41460762627e-05,4.5935660751e-05,-0.99999999836
563105000000,239,563105000000,world,0.0997805607933,0.00188488087617,-0.00411151245311,-2.00478036505e-06,3.41460762627e-05,4.5935660751e-05,-0.99999999836
563139000000,240,563139000000,world,0.0997805607933,0.00188488087617,-0.00411151245311,-2.00478036505e-06,3.41460762627e-05,4.5935660751e-05,-0.99999999836
563172000000,241,563172000000,world,0.0997805607933,0.00188488087617,-0.00411151245311,-2.00478036505e-06,3.41460762627e-05,4.5935660751e-05,-0.99999999836
563205000000,242,563205000000,world,0.0997541135942,0.00191176606709,-0.0040791592273,-1.94791892222e-06,3.32506027083e-05,4.67067077802e-05,-0.999999998355
563239000000,243,563239000000,world,0.0997541135942,0.00191176606709,-0.0040791592273,-1.94791892222e-06,3.32506027083e-05,4.67067077802e-05,-0.999999998355
563273000000,244,563273000000,world,0.0997541135942,0.00191176606709,-0.0040791592273,-1.94791892222e-06,3.32506027083e-05,4.67067077802e-05,-0.999999998355
563305000000,245,563305000000,world,0.099760265079,0.00193372444026,-0.00405338451209,-1.88584260669e-06,3.21713361845e-05,4.73074008856e-05,-0.999999998362
563339000000,246,563339000000,world,0.099760265079,0.00193372444026,-0.00405338451209,-1.88584260669e-06,3.21713361845e-05,4.73074008856e-05,-0.999999998362
563372000000,247,563372000000,world,0.099760265079,0.00193372444026,-0.00405338451209,-1.88584260669e-06,3.21713361845e-05,4.73074008856e-05,-0.999999998362
563405000000,248,563405000000,world,0.0997678876833,0.00195584289761,-0.00402756118973,-1.82437269275e-06,3.11296867237e-05,4.7908386264e-05,-0.999999998366
563440000000,249,563439000000,world,0.0997678876833,0.00195584289761,-0.00402756118973,-1.82437269275e-06,3.11296867237e-05,4.7908386264e-05,-0.999999998366
563472000000,250,563472000000,world,0.0997678876833,0.00195584289761,-0.00402756118973,-1.82437269275e-06,3.11296867237e-05,4.7908386264e-05,-0.999999998366
563505000000,251,563505000000,world,0.0997766717544,0.00197823284196,-0.00400169827616,-1.76021107867e-06,3.013439697e-05,4.85105267287e-05,-0.999999998368
563539000000,252,563539000000,world,0.0997766717544,0.00197823284196,-0.00400169827616,-1.76021107867e-06,3.013439697e-05,4.85105267287e-05,-0.999999998368
563573000000,253,563572000000,world,0.0997766717544,0.00197823284196,-0.00400169827616,-1.76021107867e-06,3.013439697e-05,4.85105267287e-05,-0.999999998368
563605000000,254,563605000000,world,0.0997858481816,0.00200086674995,-0.0039757814525,-1.69484434021e-06,2.9196548179e-05,4.91133231444e-05,-0.999999998366
563639000000,255,563639000000,world,0.0997858481816,0.00200086674995,-0.0039757814525,-1.69484434021e-06,2.9196548179e-05,4.91133231444e-05,-0.999999998366
563672000000,256,563672000000,world,0.0998159588256,0.00201773501175,-0.00395716513374,-1.6474640982e-06,2.81991179279e-05,4.95405242194e-05,-0.999999998374
563706000000,257,563705000000,world,0.0998159588256,0.00201773501175,-0.00395716513374,-1.6474640982e-06,2.81991179279e-05,4.95405242194e-05,-0.999999998374
563739000000,258,563739000000,world,0.0998159588256,0.00201773501175,-0.00395716513374,-1.6474640982e-06,2.81991179279e-05,4.95405242194e-05,-0.999999998374
563773000000,259,563773000000,world,0.0998155397388,0.00204030940136,-0.00393081878412,-1.59766358998e-06,2.75016890388e-05,5.01445841659e-05,-0.999999998363
563805000000,260,563805000000,world,0.0998155397388,0.00204030940136,-0.00393081878412,-1.59766358998e-06,2.75016890388e-05,5.01445841659e-05,-0.999999998363
563840000000,261,563839000000,world,0.0998155397388,0.00204030940136,-0.00393081878412,-1.59766358998e-06,2.75016890388e-05,5.01445841659e-05,-0.999999998363
563872000000,262,563872000000,world,0.0998155397388,0.00204030940136,-0.00393081878412,-1.59766358998e-06,2.75016890388e-05,5.01445841659e-05,-0.999999998363
563906000000,263,563905000000,world,0.0997953441377,0.00206944219751,-0.00389662925132,-1.52827078548e-06,2.69643026584e-05,5.09306512463e-05,-0.999999998338
563939000000,264,563939000000,world,0.0997953441377,0.00206944219751,-0.00389662925132,-1.52827078548e-06,2.69643026584e-05,5.09306512463e-05,-0.999999998338
563973000000,265,563972000000,world,0.0997953441377,0.00206944219751,-0.00389662925132,-1.52827078548e-06,2.69643026584e-05,5.09306512463e-05,-0.999999998338
564005000000,266,564005000000,world,0.0997916586544,0.00209231597623,-0.00386936477136,-1.48825807755e-06,2.63665548341e-05,5.15430027812e-05,-0.999999998323
564039000000,267,564039000000,world,0.0997916586544,0.00209231597623,-0.00386936477136,-1.48825807755e-06,2.63665548341e-05,5.15430027812e-05,-0.999999998323
564072000000,268,564072000000,world,0.0997916586544,0.00209231597623,-0.00386936477136,-1.48825807755e-06,2.63665548341e-05,5.15430027812e-05,-0.999999998323
564105000000,269,564105000000,world,0.0997895954582,0.00211532401719,-0.00384209346392,-1.43947868469e-06,2.57755462082e-05,5.21529053245e-05,-0.999999998307
564139000000,270,564139000000,world,0.0997895954582,0.00211532401719,-0.00384209346392,-1.43947868469e-06,2.57755462082e-05,5.21529053245e-05,-0.999999998307
564172000000,271,564172000000,world,0.0997895954582,0.00211532401719,-0.00384209346392,-1.43947868469e-06,2.57755462082e-05,5.21529053245e-05,-0.999999998307
564205000000,272,564205000000,world,0.0997895954582,0.00211532401719,-0.00384209346392,-1.43947868469e-06,2.57755462082e-05,5.21529053245e-05,-0.999999998307
564240000000,273,564239000000,world,0.0997636292626,0.00214475143919,-0.00380609443413,-1.4023510248e-06,2.53672196671e-05,5.29558522742e-05,-0.999999998275
564272000000,274,564272000000,world,0.0997636292626,0.00214475143919,-0.00380609443413,-1.4023510248e-06,2.53672196671e-05,5.29558522742e-05,-0.999999998275
564305000000,275,564305000000,world,0.0997636292626,0.00214475143919,-0.00380609443413,-1.4023510248e-06,2.53672196671e-05,5.29558522742e-05,-0.999999998275
564339000000,276,564339000000,world,0.0997620309602,0.00216737137416,-0.00377851119808,-1.36827956737e-06,2.47958922748e-05,5.35619479608e-05,-0.999999998257
564372000000,277,564372000000,world,0.0997620309602,0.00216737137416,-0.00377851119808,-1.36827956737e-06,2.47958922748e-05,5.35619479608e-05,-0.999999998257
564405000000,278,564405000000,world,0.0997620309602,0.00216737137416,-0.00377851119808,-1.36827956737e-06,2.47958922748e-05,5.35619479608e-05,-0.999999998257
564439000000,279,564439000000,world,0.0997620309602,0.00216737137416,-0.00377851119808,-1.36827956737e-06,2.47958922748e-05,5.35619479608e-05,-0.999999998257
564473000000,280,564472000000,world,0.0997430891886,0.00219699957003,-0.00374219256251,-1.32782101436e-06,2.43275843513e-05,5.43635863576e-05,-0.999999998226
564505000000,281,564505000000,world,0.0997430891886,0.00219699957003,-0.00374219256251,-1.32782101436e-06,2.43275843513e-05,5.43635863576e-05,-0.999999998226
564539000000,282,564539000000,world,0.0997430891886,0.00219699957003,-0.00374219256251,-1.32782101436e-06,2.43275843513e-05,5.43635863576e-05,-0.999999998226
564573000000,283,564573000000,world,0.0997430891886,0.00219699957003,-0.00374219256251,-1.32782101436e-06,2.43275843513e-05,5.43635863576e-05,-0.999999998226
564605000000,284,564605000000,world,0.0997288529055,0.0022267616188,-0.0037056974011,-1.29110953884e-06,2.38131773034e-05,5.516880117e-05,-0.999999998194
564639000000,285,564639000000,world,0.0997288529055,0.0022267616188,-0.0037056974011,-1.29110953884e-06,2.38131773034e-05,5.516880117e-05,-0.999999998194
564672000000,286,564672000000,world,0.0997288529055,0.0022267616188,-0.0037056974011,-1.29110953884e-06,2.38131773034e-05,5.516880117e-05,-0.999999998194
564705000000,287,564705000000,world,0.0997345870189,0.00225086966739,-0.00367721732833,-1.25051437594e-06,2.32068614344e-05,5.57932200082e-05,-0.999999998173
564740000000,288,564739000000,world,0.0997345870189,0.00225086966739,-0.00367721732833,-1.25051437594e-06,2.32068614344e-05,5.57932200082e-05,-0.999999998173
564772000000,289,564772000000,world,0.0997345870189,0.00225086966739,-0.00367721732833,-1.25051437594e-06,2.32068614344e-05,5.57932200082e-05,-0.999999998173
564806000000,290,564806000000,world,0.099746334544,0.00227654075009,-0.00364868097761,-1.17105357278e-06,2.25719278944e-05,5.64228735964e-05,-0.999999998153
564840000000,291,564839000000,world,0.099746334544,0.00227654075009,-0.00364868097761,-1.17105357278e-06,2.25719278944e-05,5.64228735964e-05,-0.999999998153
564872000000,292,564872000000,world,0.099746334544,0.00227654075009,-0.00364868097761,-1.17105357278e-06,2.25719278944e-05,5.64228735964e-05,-0.999999998153
564906000000,293,564905000000,world,0.099746334544,0.00227654075009,-0.00364868097761,-1.17105357278e-06,2.25719278944e-05,5.64228735964e-05,-0.999999998153
564939000000,294,564939000000,world,0.0997434552031,0.002309303992,-0.00361172983148,-1.09963273104e-06,2.20575259543e-05,5.72361000462e-05,-0.999999998118
564972000000,295,564972000000,world,0.0997434552031,0.002309303992,-0.00361172983148,-1.09963273104e-06,2.20575259543e-05,5.72361000462e-05,-0.999999998118
565005000000,296,565005000000,world,0.0997434552031,0.002309303992,-0.00361172983148,-1.09963273104e-06,2.20575259543e-05,5.72361000462e-05,-0.999999998118
565039000000,297,565039000000,world,0.0997549911566,0.00233488197515,-0.00358266106712,-1.0622753065e-06,2.14950429482e-05,5.78664484688e-05,-0.999999998094
565072000000,298,565072000000,world,0.0997549911566,0.00233488197515,-0.00358266106712,-1.0622753065e-06,2.14950429482e-05,5.78664484688e-05,-0.999999998094
565105000000,299,565105000000,world,0.0997549911566,0.00233488197515,-0.00358266106712,-1.0622753065e-06,2.14950429482e-05,5.78664484688e-05,-0.999999998094
565140000000,300,565139000000,world,0.0997683098992,0.00236088482916,-0.00355323221985,-1.01491283638e-06,2.09405892972e-05,5.84990776037e-05,-0.999999998069
565172000000,301,565172000000,world,0.0997683098992,0.00236088482916,-0.00355323221985,-1.01491283638e-06,2.09405892972e-05,5.84990776037e-05,-0.999999998069
565205000000,302,565205000000,world,0.0997683098992,0.00236088482916,-0.00355323221985,-1.01491283638e-06,2.09405892972e-05,5.84990776037e-05,-0.999999998069
565239000000,303,565239000000,world,0.0997834057142,0.00238709871706,-0.00352342880511,-9.70106604825e-07,2.0397070739e-05,5.91344927151e-05,-0.999999998043
565272000000,304,565272000000,world,0.0997834057142,0.00238709871706,-0.00352342880511,-9.70106604825e-07,2.0397070739e-05,5.91344927151e-05,-0.999999998043
565305000000,305,565305000000,world,0.0997834057142,0.00238709871706,-0.00352342880511,-9.70106604825e-07,2.0397070739e-05,5.91344927151e-05,-0.999999998043
565339000000,306,565339000000,world,0.0997257601267,0.0024063162473,-0.00341248569022,5.11720530777e-06,-0.00011044147602,-6.37929971012e-05,0.999999991853
565372000000,307,565372000000,world,0.0997257601267,0.0024063162473,-0.00341248569022,5.11720530777e-06,-0.00011044147602,-6.37929971012e-05,0.999999991853
565405000000,308,565405000000,world,0.0997257601267,0.0024063162473,-0.00341248569022,5.11720530777e-06,-0.00011044147602,-6.37929971012e-05,0.999999991853
565439000000,309,565439000000,world,0.0924344585025,-0.00216426020491,0.0147450788277,0.00665445167677,-0.0108440886293,-0.000197238843935,0.999919039278
565472000000,310,565472000000,world,0.0924344585025,-0.00216426020491,0.0147450788277,0.00665445167677,-0.0108440886293,-0.000197238843935,0.999919039278
565505000000,311,565505000000,world,0.0924344585025,-0.00216426020491,0.0147450788277,0.00665445167677,-0.0108440886293,-0.000197238843935,0.999919039278
565539000000,312,565539000000,world,0.0837355075744,-0.00722634259258,0.0724787682631,0.0112333355422,-0.0190798108252,-0.000285627990672,0.999754815646
565572000000,313,565572000000,world,0.0837355075744,-0.00722634259258,0.0724787682631,0.0112333355422,-0.0190798108252,-0.000285627990672,0.999754815646
565605000000,314,565605000000,world,0.0837355075744,-0.00722634259258,0.0724787682631,0.0112333355422,-0.0190798108252,-0.000285627990672,0.999754815646
565639000000,315,565639000000,world,0.076689021744,-0.010814840953,0.163423954386,0.00912142516453,-0.0171517901771,-0.000425189003642,0.999811199633
565672000000,316,565672000000,world,0.076689021744,-0.010814840953,0.163423954386,0.00912142516453,-0.0171517901771,-0.000425189003642,0.999811199633
565705000000,317,565705000000,world,0.076689021744,-0.010814840953,0.163423954386,0.00912142516453,-0.0171517901771,-0.000425189003642,0.999811199633
565739000000,318,565739000000,world,0.0689451380843,-0.0148402993907,0.289542761143,0.00442277932954,-0.00977378625094,-0.00055151182134,0.999942302316
565772000000,319,565772000000,world,0.0689451380843,-0.0148402993907,0.289542761143,0.00442277932954,-0.00977378625094,-0.00055151182134,0.999942302316
565805000000,320,565805000000,world,0.0591728045925,-0.0201562748868,0.453359761089,0.000609022276909,-0.0024198269701,-0.00062399899463,0.999996692072
565840000000,321,565840000000,world,0.0591728045925,-0.0201562748868,0.453359761089,0.000609022276909,-0.0024198269701,-0.00062399899463,0.999996692072
565872000000,322,565872000000,world,0.0591728045925,-0.0201562748868,0.453359761089,0.000609022276909,-0.0024198269701,-0.00062399899463,0.999996692072
565905000000,323,565905000000,world,0.0470797739687,-0.0265767697366,0.643567391686,0.0013803303081,-0.00161638924187,0.000677905761141,-0.999997511206
565939000000,324,565939000000,world,0.0470797739687,-0.0265767697366,0.643567391686,0.0013803303081,-0.00161638924187,0.000677905761141,-0.999997511206
565972000000,325,565972000000,world,0.0470797739687,-0.0265767697366,0.643567391686,0.0013803303081,-0.00161638924187,0.000677905761141,-0.999997511206
566006000000,326,566006000000,world,0.0470797739687,-0.0265767697366,0.643567391686,0.0013803303081,-0.00161638924187,0.000677905761141,-0.999997511206
566039000000,327,566039000000,world,0.0470797739687,-0.0265767697366,0.643567391686,0.0013803303081,-0.00161638924187,0.000677905761141,-0.999997511206
566072000000,328,566072000000,world,0.0305193586636,-0.034393121574,0.862528649564,0.00451968638503,-0.00504928443394,0.000701458894989,-0.999976792289
566105000000,329,566105000000,world,0.0305193586636,-0.034393121574,0.862528649564,0.00451968638503,-0.00504928443394,0.000701458894989,-0.999976792289
566140000000,330,566139000000,world,0.0305193586636,-0.034393121574,0.862528649564,0.00451968638503,-0.00504928443394,0.000701458894989,-0.999976792289
566172000000,331,566172000000,world,0.0305193586636,-0.034393121574,0.862528649564,0.00451968638503,-0.00504928443394,0.000701458894989,-0.999976792289
566205000000,332,566205000000,world,0.0157875514297,-0.0411626266661,1.0388086879,0.00697415044446,-0.00807591335585,0.000606368787733,-0.999942884952
566239000000,333,566239000000,world,0.0157875514297,-0.0411626266661,1.0388086879,0.00697415044446,-0.00807591335585,0.000606368787733,-0.999942884952
566272000000,334,566272000000,world,0.0157875514297,-0.0411626266661,1.0388086879,0.00697415044446,-0.00807591335585,0.000606368787733,-0.999942884952
566305000000,335,566305000000,world,0.0157875514297,-0.0411626266661,1.0388086879,0.00697415044446,-0.00807591335585,0.000606368787733,-0.999942884952
566340000000,336,566339000000,world,0.000702134970737,-0.0475051529867,1.18667538442,0.00654966578005,-0.005888544144,0.000506835884815,-0.999961084264
566372000000,337,566372000000,world,0.000702134970737,-0.0475051529867,1.18667538442,0.00654966578005,-0.005888544144,0.000506835884815,-0.999961084264
566405000000,338,566405000000,world,0.000702134970737,-0.0475051529867,1.18667538442,0.00654966578005,-0.005888544144,0.000506835884815,-0.999961084264
566439000000,339,566439000000,world,-0.00965333677324,-0.0506980569153,1.28399156377,0.00633109041543,-0.00384098915231,0.00038950148727,-0.999972505815
566472000000,340,566472000000,world,-0.00965333677324,-0.0506980569153,1.28399156377,0.00633109041543,-0.00384098915231,0.00038950148727,-0.999972505815
566505000000,341,566505000000,world,-0.00965333677324,-0.0506980569153,1.28399156377,0.00633109041543,-0.00384098915231,0.00038950148727,-0.999972505815
566540000000,342,566539000000,world,-0.0187100851385,-0.0533300595788,1.37253744284,0.00604176901386,-0.00243877059599,0.000362777095072,-0.999978708682
566572000000,343,566572000000,world,-0.0187100851385,-0.0533300595788,1.37253744284,0.00604176901386,-0.00243877059599,0.000362777095072,-0.999978708682
566605000000,344,566605000000,world,-0.0187100851385,-0.0533300595788,1.37253744284,0.00604176901386,-0.00243877059599,0.000362777095072,-0.999978708682
566639000000,345,566639000000,world,-0.0270815212989,-0.0553504028872,1.45428748153,0.00555432934859,-0.00172332625557,0.00039078286121,-0.999983013286
566672000000,346,566672000000,world,-0.0270815212989,-0.0553504028872,1.45428748153,0.00555432934859,-0.00172332625557,0.00039078286121,-0.999983013286
566705000000,347,566705000000,world,-0.0270815212989,-0.0553504028872,1.45428748153,0.00555432934859,-0.00172332625557,0.00039078286121,-0.999983013286
566739000000,348,566739000000,world,-0.034222542235,-0.0563410595095,1.53010340519,0.0049346363147,-0.00158279271885,0.000409744793799,-0.999986488029
566772000000,349,566772000000,world,-0.034222542235,-0.0563410595095,1.53010340519,0.0049346363147,-0.00158279271885,0.000409744793799,-0.999986488029
566805000000,350,566805000000,world,-0.034222542235,-0.0563410595095,1.53010340519,0.0049346363147,-0.00158279271885,0.000409744793799,-0.999986488029
566839000000,351,566839000000,world,-0.0405707739792,-0.0561132196083,1.60131013212,0.00446481073949,-0.00210749200449,0.000370264515194,-0.999987743348
566872000000,352,566872000000,world,-0.0405707739792,-0.0561132196083,1.60131013212,0.00446481073949,-0.00210749200449,0.000370264515194,-0.999987743348
566905000000,353,566905000000,world,-0.0405707739792,-0.0561132196083,1.60131013212,0.00446481073949,-0.00210749200449,0.000370264515194,-0.999987743348
566939000000,354,566939000000,world,-0.045661908253,-0.0546917739017,1.66721625873,0.00399583684623,-0.00273267842393,0.000300697177217,-0.9999882376
566972000000,355,566972000000,world,-0.045661908253,-0.0546917739017,1.66721625873,0.00399583684623,-0.00273267842393,0.000300697177217,-0.9999882376
567005000000,356,567005000000,world,-0.045661908253,-0.0546917739017,1.66721625873,0.00399583684623,-0.00273267842393,0.000300697177217,-0.9999882376
567039000000,357,567039000000,world,-0.048784134224,-0.0517088335171,1.72942372261,0.00329285641071,-0.00321395439823,0.000303649021153,-0.999989367639
567072000000,358,567072000000,world,-0.048784134224,-0.0517088335171,1.72942372261,0.00329285641071,-0.00321395439823,0.000303649021153,-0.999989367639
567105000000,359,567105000000,world,-0.048784134224,-0.0517088335171,1.72942372261,0.00329285641071,-0.00321395439823,0.000303649021153,-0.999989367639
567140000000,360,567139000000,world,-0.0514019931712,-0.0481262687138,1.78754886329,0.00283961378562,-0.00351655400545,0.000298841073455,-0.999989740515
567172000000,361,567172000000,world,-0.0514019931712,-0.0481262687138,1.78754886329,0.00283961378562,-0.00351655400545,0.000298841073455,-0.999989740515
567206000000,362,567205000000,world,-0.0514019931712,-0.0481262687138,1.78754886329,0.00283961378562,-0.00351655400545,0.000298841073455,-0.999989740515
567239000000,363,567239000000,world,-0.0533219592544,-0.0437783406793,1.8432286869,0.00233694958221,-0.00340868898266,0.000357952994306,-0.999991395651
567272000000,364,567272000000,world,-0.0533219592544,-0.0437783406793,1.8432286869,0.00233694958221,-0.00340868898266,0.000357952994306,-0.999991395651
567305000000,365,567305000000,world,-0.0533219592544,-0.0437783406793,1.8432286869,0.00233694958221,-0.00340868898266,0.000357952994306,-0.999991395651
567340000000,366,567339000000,world,-0.0551058614141,-0.0389717050306,1.89646170666,0.00206974941631,-0.00274193854688,0.000454023321035,-0.999993995869
567372000000,367,567372000000,world,-0.0551058614141,-0.0389717050306,1.89646170666,0.00206974941631,-0.00274193854688,0.000454023321035,-0.999993995869
567405000000,368,567405000000,world,-0.0551058614141,-0.0389717050306,1.89646170666,0.00206974941631,-0.00274193854688,0.000454023321035,-0.999993995869
567440000000,369,567439000000,world,-0.0551058614141,-0.0389717050306,1.89646170666,0.00206974941631,-0.00274193854688,0.000454023321035,-0.999993995869
567472000000,370,567472000000,world,-0.0573699982079,-0.0327157418875,1.96222911558,0.0015942640202,-0.00119281641296,0.000508294475553,-0.999997888572
567506000000,371,567505000000,world,-0.0573699982079,-0.0327157418875,1.96222911558,0.0015942640202,-0.00119281641296,0.000508294475553,-0.999997888572
567539000000,372,567539000000,world,-0.0573699982079,-0.0327157418875,1.96222911558,0.0015942640202,-0.00119281641296,0.000508294475553,-0.999997888572
567572000000,373,567572000000,world,-0.0573699982079,-0.0327157418875,1.96222911558,0.0015942640202,-0.00119281641296,0.000508294475553,-0.999997888572
567606000000,374,567605000000,world,-0.0516230080553,-0.0296852882771,1.99180359179,0.0066475752016,0.0117916711398,0.00202444860919,0.999906329535
567639000000,375,567639000000,world,-0.0516230080553,-0.0296852882771,1.99180359179,0.0066475752016,0.0117916711398,0.00202444860919,0.999906329535
567672000000,376,567672000000,world,-0.0516230080553,-0.0296852882771,1.99180359179,0.0066475752016,0.0117916711398,0.00202444860919,0.999906329535
567706000000,377,567706000000,world,-0.0293211040516,-0.024509977481,1.98209171685,0.011388221264,0.0467273190282,0.00827866221292,0.998808455023
567739000000,378,567739000000,world,-0.0293211040516,-0.024509977481,1.98209171685,0.011388221264,0.0467273190282,0.00827866221292,0.998808455023
567772000000,379,567772000000,world,-0.0293211040516,-0.024509977481,1.98209171685,0.011388221264,0.0467273190282,0.00827866221292,0.998808455023
567806000000,380,567805000000,world,-0.000191211106992,-0.0158792159511,1.97453547222,-0.00608229013762,-0.0829595669592,-0.0145817978774,-0.996427662787
567840000000,381,567839000000,world,-0.000191211106992,-0.0158792159511,1.97453547222,-0.00608229013762,-0.0829595669592,-0.0145817978774,-0.996427662787
567872000000,382,567872000000,world,-0.000191211106992,-0.0158792159511,1.97453547222,-0.00608229013762,-0.0829595669592,-0.0145817978774,-0.996427662787
567905000000,383,567905000000,world,0.0372628691613,-0.00646558433491,1.96944366151,0.00522283983792,-0.109808313984,-0.0188911848251,-0.993759517821
567939000000,384,567939000000,world,0.0372628691613,-0.00646558433491,1.96944366151,0.00522283983792,-0.109808313984,-0.0188911848251,-0.993759517821
567972000000,385,567972000000,world,0.0372628691613,-0.00646558433491,1.96944366151,0.00522283983792,-0.109808313984,-0.0188911848251,-0.993759517821
568005000000,386,568005000000,world,0.0864268742083,0.00501704118747,1.96816963652,0.0201978838997,-0.124533738458,-0.0225427600893,-0.991753607223
568040000000,387,568039000000,world,0.0864268742083,0.00501704118747,1.96816963652,0.0201978838997,-0.124533738458,-0.0225427600893,-0.991753607223
568073000000,388,568072000000,world,0.0864268742083,0.00501704118747,1.96816963652,0.0201978838997,-0.124533738458,-0.0225427600893,-0.991753607223
568106000000,389,568105000000,world,0.154399843357,0.0131506307343,1.96681069838,0.0236847211408,-0.133116551068,-0.0246607612336,-0.99051040614
568140000000,390,568139000000,world,0.154399843357,0.0131506307343,1.96681069838,0.0236847211408,-0.133116551068,-0.0246607612336,-0.99051040614
568172000000,391,568172000000,world,0.154399843357,0.0131506307343,1.96681069838,0.0236847211408,-0.133116551068,-0.0246607612336,-0.99051040614
568206000000,392,568205000000,world,0.243356820269,0.0288432265122,1.96320739083,0.0326576624354,-0.138915368258,-0.0270141250315,-0.98939690448
568239000000,393,568239000000,world,0.243356820269,0.0288432265122,1.96320739083,0.0326576624354,-0.138915368258,-0.0270141250315,-0.98939690448
568272000000,394,568272000000,world,0.243356820269,0.0288432265122,1.96320739083,0.0326576624354,-0.138915368258,-0.0270141250315,-0.98939690448
568305000000,395,568305000000,world,0.355534943391,0.0451470533236,1.96280695508,0.032516923716,-0.141435952306,-0.0278639905329,-0.989020788001
568339000000,396,568339000000,world,0.355534943391,0.0451470533236,1.96280695508,0.032516923716,-0.141435952306,-0.0278639905329,-0.989020788001
568372000000,397,568372000000,world,0.355534943391,0.0451470533236,1.96280695508,0.032516923716,-0.141435952306,-0.0278639905329,-0.989020788001
568405000000,398,568405000000,world,0.499185743061,0.0640360703148,1.96222262242,0.0222189938566,-0.145521930911,-0.026933302197,-0.988738732512
568439000000,399,568439000000,world,0.499185743061,0.0640360703148,1.96222262242,0.0222189938566,-0.145521930911,-0.026933302197,-0.988738732512
568472000000,400,568472000000,world,0.499185743061,0.0640360703148,1.96222262242,0.0222189938566,-0.145521930911,-0.026933302197,-0.988738732512
568505000000,401,568505000000,world,0.664014986207,0.0842537361454,1.96186596693,0.0117855712332,-0.151918739371,-0.0250108921427,-0.988006200493
568539000000,402,568539000000,world,0.664014986207,0.0842537361454,1.96186596693,0.0117855712332,-0.151918739371,-0.0250108921427,-0.988006200493
568573000000,403,568572000000,world,0.664014986207,0.0842537361454,1.96186596693,0.0117855712332,-0.151918739371,-0.0250108921427,-0.988006200493
568605000000,404,568605000000,world,0.856905929675,0.115861686463,1.96037477024,0.0164501320735,-0.157145295082,-0.0247258923338,-0.987128856653
568639000000,405,568639000000,world,0.856905929675,0.115861686463,1.96037477024,0.0164501320735,-0.157145295082,-0.0247258923338,-0.987128856653
568672000000,406,568672000000,world,0.856905929675,0.115861686463,1.96037477024,0.0164501320735,-0.157145295082,-0.0247258923338,-0.987128856653
568705000000,407,568705000000,world,1.07376066306,0.164368976718,1.95697519971,0.0444539453801,-0.161549736538,-0.0283708963063,-0.985454525388
568740000000,408,568739000000,world,1.07376066306,0.164368976718,1.95697519971,0.0444539453801,-0.161549736538,-0.0283708963063,-0.985454525388
568772000000,409,568772000000,world,1.07376066306,0.164368976718,1.95697519971,0.0444539453801,-0.161549736538,-0.0283708963063,-0.985454525388
568805000000,410,568805000000,world,1.31605486731,0.222930164597,1.95259731337,0.0743093006476,-0.165898254237,-0.0341736124616,-0.982745165997
568840000000,411,568840000000,world,1.31605486731,0.222930164597,1.95259731337,0.0743093006476,-0.165898254237,-0.0341736124616,-0.982745165997
568872000000,412,568872000000,world,1.31605486731,0.222930164597,1.95259731337,0.0743093006476,-0.165898254237,-0.0341736124616,-0.982745165997
568905000000,413,568905000000,world,1.31605486731,0.222930164597,1.95259731337,0.0743093006476,-0.165898254237,-0.0341736124616,-0.982745165997
568940000000,414,568939000000,world,1.68120716965,0.295868897882,1.95295063179,0.0657082296577,-0.171593152737,-0.0363020277862,-0.982303609516
568972000000,415,568972000000,world,1.68120716965,0.295868897882,1.95295063179,0.0657082296577,-0.171593152737,-0.0363020277862,-0.982303609516
569005000000,416,569005000000,world,1.68120716965,0.295868897882,1.95295063179,0.0657082296577,-0.171593152737,-0.0363020277862,-0.982303609516
569040000000,417,569039000000,world,1.99258371012,0.342143523821,1.95544670066,0.0209201003328,-0.17768627044,-0.029706799591,-0.983416211356
569072000000,418,569072000000,world,1.99258371012,0.342143523821,1.95544670066,0.0209201003328,-0.17768627044,-0.029706799591,-0.983416211356
569105000000,419,569105000000,world,1.99258371012,0.342143523821,1.95544670066,0.0209201003328,-0.17768627044,-0.029706799591,-0.983416211356
569139000000,420,569139000000,world,2.32284022496,0.390662026463,1.95420111989,0.02097574483,0.181251146172,0.0198951444835,0.983011812424
569173000000,421,569172000000,world,2.32284022496,0.390662026463,1.95420111989,0.02097574483,0.181251146172,0.0198951444835,0.983011812424
569205000000,422,569205000000,world,2.32284022496,0.390662026463,1.95420111989,0.02097574483,0.181251146172,0.0198951444835,0.983011812424
569239000000,423,569239000000,world,2.67973711705,0.465955083297,1.94157225636,-0.00967596505176,-0.18597409525,-0.0166935848964,-0.982365174372
569272000000,424,569272000000,world,2.67973711705,0.465955083297,1.94157225636,-0.00967596505176,-0.18597409525,-0.0166935848964,-0.982365174372
569305000000,425,569305000000,world,2.67973711705,0.465955083297,1.94157225636,-0.00967596505176,-0.18597409525,-0.0166935848964,-0.982365174372
569340000000,426,569339000000,world,3.06150376106,0.557489395607,1.92577888053,0.0316550311744,-0.189458142777,-0.0209373710963,-0.981155032412
569373000000,427,569372000000,world,3.06150376106,0.557489395607,1.92577888053,0.0316550311744,-0.189458142777,-0.0209373710963,-0.981155032412
569405000000,428,569405000000,world,3.06150376106,0.557489395607,1.92577888053,0.0316550311744,-0.189458142777,-0.0209373710963,-0.981155032412
569439000000,429,569439000000,world,3.47071505565,0.64447876924,1.91462341372,0.054516372593,-0.191399607524,-0.0266187835119,-0.979635440214
569472000000,430,569472000000,world,3.47071505565,0.64447876924,1.91462341372,0.054516372593,-0.191399607524,-0.0266187835119,-0.979635440214
569505000000,431,569505000000,world,3.47071505565,0.64447876924,1.91462341372,0.054516372593,-0.191399607524,-0.0266187835119,-0.979635440214
569539000000,432,569539000000,world,3.90891003752,0.715213820471,1.90559211025,0.0343106992493,-0.195357296484,-0.0264021712816,-0.97977611115
569572000000,433,569572000000,world,3.90891003752,0.715213820471,1.90559211025,0.0343106992493,-0.195357296484,-0.0264021712816,-0.97977611115
569605000000,434,569605000000,world,3.90891003752,0.715213820471,1.90559211025,0.0343106992493,-0.195357296484,-0.0264021712816,-0.97977611115
569639000000,435,569639000000,world,4.37784059593,0.772861874909,1.89344533222,-0.0124456194257,-0.205117580426,-0.0181432420965,-0.978490014013
569673000000,436,569672000000,world,4.37784059593,0.772861874909,1.89344533222,-0.0124456194257,-0.205117580426,-0.0181432420965,-0.978490014013
569705000000,437,569705000000,world,4.37784059593,0.772861874909,1.89344533222,-0.0124456194257,-0.205117580426,-0.0181432420965,-0.978490014013
569739000000,438,569739000000,world,4.87321151722,0.826719055741,1.88031428498,0.0548381878265,0.211390107309,0.00575158693046,0.975845231036
569773000000,439,569772000000,world,4.87321151722,0.826719055741,1.88031428498,0.0548381878265,0.211390107309,0.00575158693046,0.975845231036
569805000000,440,569805000000,world,4.87321151722,0.826719055741,1.88031428498,0.0548381878265,0.211390107309,0.00575158693046,0.975845231036
569839000000,441,569839000000,world,5.39416246607,0.896938504993,1.85999644925,0.0491491466719,0.217128368844,0.000508528572583,0.974904802646
569872000000,442,569872000000,world,5.39416246607,0.896938504993,1.85999644925,0.0491491466719,0.217128368844,0.000508528572583,0.974904802646
569905000000,443,569905000000,world,5.39416246607,0.896938504993,1.85999644925,0.0491491466719,0.217128368844,0.000508528572583,0.974904802646
569940000000,444,569939000000,world,5.94258323357,0.981343277628,1.83443123429,-0.00177639390066,-0.223074646309,-0.00623734537306,-0.974779791605
569973000000,445,569972000000,world,5.94258323357,0.981343277628,1.83443123429,-0.00177639390066,-0.223074646309,-0.00623734537306,-0.974779791605
570006000000,446,570006000000,world,5.94258323357,0.981343277628,1.83443123429,-0.00177639390066,-0.223074646309,-0.00623734537306,-0.974779791605
570040000000,447,570039000000,world,6.5184927525,1.06762508889,1.81406743716,0.0474670796779,-0.222093531961,-0.0189028657675,-0.973685791759
570072000000,448,570072000000,world,6.5184927525,1.06762508889,1.81406743716,0.0474670796779,-0.222093531961,-0.0189028657675,-0.973685791759
570105000000,449,570105000000,world,6.5184927525,1.06762508889,1.81406743716,0.0474670796779,-0.222093531961,-0.0189028657675,-0.973685791759
570140000000,450,570139000000,world,7.11207114065,1.13394372392,1.8118486261,0.0473361727038,-0.193021683019,-0.02711915797,-0.979676716019
570172000000,451,570172000000,world,7.11207114065,1.13394372392,1.8118486261,0.0473361727038,-0.193021683019,-0.02711915797,-0.979676716019
570205000000,452,570205000000,world,7.11207114065,1.13394372392,1.8118486261,0.0473361727038,-0.193021683019,-0.02711915797,-0.979676716019
570239000000,453,570239000000,world,7.11207114065,1.13394372392,1.8118486261,0.0473361727038,-0.193021683019,-0.02711915797,-0.979676716019
570272000000,454,570272000000,world,7.94138002321,1.19290059375,1.79505562282,-0.0137085944513,-0.174640593639,-0.0228483568312,-0.984271654617
570305000000,455,570305000000,world,7.94138002321,1.19290059375,1.79505562282,-0.0137085944513,-0.174640593639,-0.0228483568312,-0.984271654617
570339000000,456,570339000000,world,7.94138002321,1.19290059375,1.79505562282,-0.0137085944513,-0.174640593639,-0.0228483568312,-0.984271654617
570373000000,457,570372000000,world,7.94138002321,1.19290059375,1.79505562282,-0.0137085944513,-0.174640593639,-0.0228483568312,-0.984271654617
570405000000,458,570405000000,world,8.80744377639,1.26448573328,1.76329565076,0.0350350254924,0.166598568214,0.0132917711166,0.985312535635
570439000000,459,570439000000,world,8.80744377639,1.26448573328,1.76329565076,0.0350350254924,0.166598568214,0.0132917711166,0.985312535635
570472000000,460,570472000000,world,8.80744377639,1.26448573328,1.76329565076,0.0350350254924,0.166598568214,0.0132917711166,0.985312535635
570506000000,461,570505000000,world,9.46484614112,1.33151130425,1.73876603503,0.0131150593773,0.155433356249,0.0115586202091,0.987691685336
570539000000,462,570539000000,world,9.46484614112,1.33151130425,1.73876603503,0.0131150593773,0.155433356249,0.0115586202091,0.987691685336
570572000000,463,570572000000,world,9.46484614112,1.33151130425,1.73876603503,0.0131150593773,0.155433356249,0.0115586202091,0.987691685336
570606000000,464,570605000000,world,10.1273704645,1.37724946984,1.72306166994,0.0219675831542,0.14473990471,0.0106969758746,0.989168014031
570639000000,465,570639000000,world,10.1273704645,1.37724946984,1.72306166994,0.0219675831542,0.14473990471,0.0106969758746,0.989168014031
570672000000,466,570672000000,world,10.8034458611,1.41132738795,1.70547087064,0.0405035452148,0.134559759888,0.00873939945496,0.990038765272
570705000000,467,570705000000,world,10.8034458611,1.41132738795,1.70547087064,0.0405035452148,0.134559759888,0.00873939945496,0.990038765272
570739000000,468,570739000000,world,10.8034458611,1.41132738795,1.70547087064,0.0405035452148,0.134559759888,0.00873939945496,0.990038765272
570772000000,469,570772000000,world,10.8034458611,1.41132738795,1.70547087064,0.0405035452148,0.134559759888,0.00873939945496,0.990038765272
570805000000,470,570805000000,world,11.4862604374,1.44833701544,1.68264665606,0.0373770195164,0.130452190802,0.00744691899752,0.990721821565
570839000000,471,570839000000,world,11.4862604374,1.44833701544,1.68264665606,0.0373770195164,0.130452190802,0.00744691899752,0.990721821565
570872000000,472,570872000000,world,11.4862604374,1.44833701544,1.68264665606,0.0373770195164,0.130452190802,0.00744691899752,0.990721821565
570905000000,473,570905000000,world,12.1758093334,1.48414150008,1.65668511903,0.0216060342418,0.134014447392,0.00824436814546,0.990709512202
570939000000,474,570939000000,world,12.1758093334,1.48414150008,1.65668511903,0.0216060342418,0.134014447392,0.00824436814546,0.990709512202
570972000000,475,570972000000,world,12.1758093334,1.48414150008,1.65668511903,0.0216060342418,0.134014447392,0.00824436814546,0.990709512202
571005000000,476,571005000000,world,12.8695973472,1.5165772686,1.6308559941,-0.00740093962375,-0.138406215394,-0.0105545418004,-0.990291647587
571039000000,477,571039000000,world,12.8695973472,1.5165772686,1.6308559941,-0.00740093962375,-0.138406215394,-0.0105545418004,-0.990291647587
571072000000,478,571072000000,world,13.5669685921,1.54429078437,1.60653337846,0.000111759661683,-0.140439280064,-0.0129296209418,-0.990004859093
571105000000,479,571105000000,world,13.5669685921,1.54429078437,1.60653337846,0.000111759661683,-0.140439280064,-0.0129296209418,-0.990004859093
571139000000,480,571139000000,world,13.5669685921,1.54429078437,1.60653337846,0.000111759661683,-0.140439280064,-0.0129296209418,-0.990004859093
571172000000,481,571172000000,world,13.5669685921,1.54429078437,1.60653337846,0.000111759661683,-0.140439280064,-0.0129296209418,-0.990004859093
571206000000,482,571205000000,world,14.274389939,1.5697168041,1.58186469439,0.00396597780846,-0.139683169554,-0.0148252394256,-0.99007731791
571240000000,483,571239000000,world,14.274389939,1.5697168041,1.58186469439,0.00396597780846,-0.139683169554,-0.0148252394256,-0.99007731791
571272000000,484,571272000000,world,14.274389939,1.5697168041,1.58186469439,0.00396597780846,-0.139683169554,-0.0148252394256,-0.99007731791
571305000000,485,571305000000,world,14.274389939,1.5697168041,1.58186469439,0.00396597780846,-0.139683169554,-0.0148252394256,-0.99007731791
571340000000,486,571339000000,world,15.2130247542,1.59991383708,1.54769312353,0.00770046556769,-0.139100317529,-0.016426413218,-0.990112103472
571372000000,487,571372000000,world,15.2130247542,1.59991383708,1.54769312353,0.00770046556769,-0.139100317529,-0.016426413218,-0.990112103472
571405000000,488,571405000000,world,15.9217640891,1.61923278147,1.522553499,0.00861929132091,-0.13675159851,-0.0171299939906,-0.990419745072
571440000000,489,571439000000,world,15.9217640891,1.61923278147,1.522553499,0.00861929132091,-0.13675159851,-0.0171299939906,-0.990419745072
571472000000,490,571472000000,world,15.9217640891,1.61923278147,1.522553499,0.00861929132091,-0.13675159851,-0.0171299939906,-0.990419745072
571505000000,491,571505000000,world,15.9217640891,1.61923278147,1.522553499,0.00861929132091,-0.13675159851,-0.0171299939906,-0.990419745072
571539000000,492,571539000000,world,16.635258804,1.6421948843,1.49711215052,0.00926425138407,-0.13558135898,-0.0175397508126,-0.990567628123
571572000000,493,571572000000,world,16.635258804,1.6421948843,1.49711215052,0.00926425138407,-0.13558135898,-0.0175397508126,-0.990567628123
571605000000,494,571605000000,world,16.635258804,1.6421948843,1.49711215052,0.00926425138407,-0.13558135898,-0.0175397508126,-0.990567628123
571639000000,495,571639000000,world,16.635258804,1.6421948843,1.49711215052,0.00926425138407,-0.13558135898,-0.0175397508126,-0.990567628123
571672000000,496,571672000000,world,17.5895739413,1.67339858719,1.46445453059,0.0103436803687,-0.134285075417,-0.0176928103766,-0.990730786469
571705000000,497,571705000000,world,17.5895739413,1.67339858719,1.46445453059,0.0103436803687,-0.134285075417,-0.0176928103766,-0.990730786469
571740000000,498,571739000000,world,17.5895739413,1.67339858719,1.46445453059,0.0103436803687,-0.134285075417,-0.0176928103766,-0.990730786469
571772000000,499,571772000000,world,17.5895739413,1.67339858719,1.46445453059,0.0103436803687,-0.134285075417,-0.0176928103766,-0.990730786469
571805000000,500,571805000000,world,18.5552440053,1.7049862773,1.43320639006,0.0111231517376,-0.132083177118,-0.0178193180221,-0.991016035048
571839000000,501,571839000000,world,18.5552440053,1.7049862773,1.43320639006,0.0111231517376,-0.132083177118,-0.0178193180221,-0.991016035048
571872000000,502,571872000000,world,18.5552440053,1.7049862773,1.43320639006,0.0111231517376,-0.132083177118,-0.0178193180221,-0.991016035048
571905000000,503,571905000000,world,18.5552440053,1.7049862773,1.43320639006,0.0111231517376,-0.132083177118,-0.0178193180221,-0.991016035048
571939000000,504,571939000000,world,19.5175122044,1.73640926207,1.40388970009,0.0108174504682,-0.129428752984,-0.0178877580032,-0.991368351714
571973000000,505,571973000000,world,19.5175122044,1.73640926207,1.40388970009,0.0108174504682,-0.129428752984,-0.0178877580032,-0.991368351714
572006000000,506,572005000000,world,19.5175122044,1.73640926207,1.40388970009,0.0108174504682,-0.129428752984,-0.0178877580032,-0.991368351714
572039000000,507,572039000000,world,20.2429761203,1.75299607114,1.38572493661,-0.00373609368368,-0.125855176816,-0.0168412074397,-0.991898628795
572072000000,508,572072000000,world,20.2429761203,1.75299607114,1.38572493661,-0.00373609368368,-0.125855176816,-0.0168412074397,-0.991898628795
572105000000,509,572105000000,world,20.2429761203,1.75299607114,1.38572493661,-0.00373609368368,-0.125855176816,-0.0168412074397,-0.991898628795
572140000000,510,572139000000,world,20.9704011436,1.77147169929,1.36771111579,0.0158023807902,0.123164309033,0.0146668647154,0.992152065372
572172000000,511,572172000000,world,20.9704011436,1.77147169929,1.36771111579,0.0158023807902,0.123164309033,0.0146668647154,0.992152065372
572205000000,512,572205000000,world,20.9704011436,1.77147169929,1.36771111579,0.0158023807902,0.123164309033,0.0146668647154,0.992152065372
572239000000,513,572239000000,world,21.6946981144,1.79622459306,1.35072475315,0.014079832633,0.115720683159,0.0131067698905,0.99309551121
572272000000,514,572272000000,world,21.6946981144,1.79622459306,1.35072475315,0.014079832633,0.115720683159,0.0131067698905,0.99309551121
572306000000,515,572305000000,world,21.6946981144,1.79622459306,1.35072475315,0.014079832633,0.115720683159,0.0131067698905,0.99309551121
572339000000,516,572339000000,world,22.4197325746,1.82895107739,1.33020334159,0.0088455353819,-0.113395757755,-0.0138026105582,-0.9934146398
572372000000,517,572372000000,world,22.4197325746,1.82895107739,1.33020334159,0.0088455353819,-0.113395757755,-0.0138026105582,-0.9934146398
572405000000,518,572405000000,world,22.4197325746,1.82895107739,1.33020334159,0.0088455353819,-0.113395757755,-0.0138026105582,-0.9934146398
572439000000,519,572439000000,world,23.1457702552,1.87348163594,1.30633124919,0.0473826426127,-0.117802050657,-0.0176324553598,-0.991749292189
572473000000,520,572473000000,world,23.1457702552,1.87348163594,1.30633124919,0.0473826426127,-0.117802050657,-0.0176324553598,-0.991749292189
572505000000,521,572505000000,world,23.8722178358,1.91490760174,1.28615755042,0.063476041327,-0.124386682158,-0.0223736256768,-0.989948567529
572539000000,522,572539000000,world,23.8722178358,1.91490760174,1.28615755042,0.063476041327,-0.124386682158,-0.0223736256768,-0.989948567529
572572000000,523,572572000000,world,23.8722178358,1.91490760174,1.28615755042,0.063476041327,-0.124386682158,-0.0223736256768,-0.989948567529
572605000000,524,572605000000,world,23.8722178358,1.91490760174,1.28615755042,0.063476041327,-0.124386682158,-0.0223736256768,-0.989948567529
572640000000,525,572640000000,world,24.846837364,1.94396232443,1.27359319124,0.0102974503929,-0.127443599287,-0.0213326660068,-0.991562912213
572672000000,526,572672000000,world,24.846837364,1.94396232443,1.27359319124,0.0102974503929,-0.127443599287,-0.0213326660068,-0.991562912213
572705000000,527,572705000000,world,24.846837364,1.94396232443,1.27359319124,0.0102974503929,-0.127443599287,-0.0213326660068,-0.991562912213
572740000000,528,572740000000,world,24.846837364,1.94396232443,1.27359319124,0.0102974503929,-0.127443599287,-0.0213326660068,-0.991562912213
572772000000,529,572772000000,world,25.8089068543,1.96277994387,1.26343119267,0.0541980347989,0.127529319556,0.0117870090612,0.990282743511
572805000000,530,572805000000,world,25.8089068543,1.96277994387,1.26343119267,0.0541980347989,0.127529319556,0.0117870090612,0.990282743511
572839000000,531,572839000000,world,25.8089068543,1.96277994387,1.26343119267,0.0541980347989,0.127529319556,0.0117870090612,0.990282743511
572873000000,532,572873000000,world,25.8089068543,1.96277994387,1.26343119267,0.0541980347989,0.127529319556,0.0117870090612,0.990282743511
572906000000,533,572906000000,world,26.5373470251,1.97281947299,1.253415757,0.0870370903732,0.125222022264,0.00362649928216,0.988296938446
572939000000,534,572939000000,world,26.5373470251,1.97281947299,1.253415757,0.0870370903732,0.125222022264,0.00362649928216,0.988296938446
572972000000,535,572972000000,world,27.2657815976,1.97307574641,1.24210085333,0.0870370903732,0.125222022264,0.00362649928216,0.988296938446
573006000000,536,573005000000,world,27.2657815976,1.97307574641,1.24210085333,0.106087209164,0.122823112667,-0.0030162279387,0.986737497724
573039000000,537,573039000000,world,27.2657815976,1.97307574641,1.24210085333,0.106087209164,0.122823112667,-0.0030162279387,0.986737497724
573072000000,538,573072000000,world,27.2657815976,1.97307574641,1.24210085333,0.106087209164,0.122823112667,-0.0030162279387,0.986737497724
573106000000,539,573105000000,world,27.9935116649,1.97524259552,1.23046562795,0.0865753632621,0.119924155904,-0.00594261764798,0.98898310835
573140000000,540,573140000000,world,27.9935116649,1.97524259552,1.23046562795,0.0865753632621,0.119924155904,-0.00594261764798,0.98898310835
573173000000,541,573172000000,world,28.4892887994,1.98187072442,1.22113325359,0.0491588915298,0.120964341204,-0.00406890299009,0.991430519789
573205000000,542,573205000000,world,28.4892887994,1.98187072442,1.22113325359,0.0491588915298,0.120964341204,-0.00406890299009,0.991430519789
573239000000,543,573239000000,world,28.4892887994,1.98187072442,1.22113325359,0.0491588915298,0.120964341204,-0.00406890299009,0.991430519789
573272000000,544,573272000000,world,28.4892887994,1.98187072442,1.22113325359,0.0491588915298,0.120964341204,-0.00406890299009,0.991430519789
573305000000,545,573305000000,world,29.4581577769,1.97974122118,1.19948790127,0.0115481831984,-0.124029334016,-0.00532484100493,-0.992197061998
573339000000,546,573339000000,world,29.4581577769,1.97974122118,1.19948790127,0.0115481831984,-0.124029334016,-0.00532484100493,-0.992197061998
573372000000,547,573372000000,world,29.4581577769,1.97974122118,1.19948790127,0.0115481831984,-0.124029334016,-0.00532484100493,-0.992197061998
573405000000,548,573405000000,world,30.1798607064,1.94595170403,1.18532785174,-0.00495378908368,-0.12536692049,-0.00950719718982,-0.992052523016
573439000000,549,573439000000,world,30.1798607064,1.94595170403,1.18532785174,-0.00495378908368,-0.12536692049,-0.00950719718982,-0.992052523016
573472000000,550,573472000000,world,30.1798607064,1.94595170403,1.18532785174,-0.00495378908368,-0.12536692049,-0.00950719718982,-0.992052523016
573505000000,551,573505000000,world,30.9116458632,1.89585081343,1.17533763615,0.0458677083228,0.127172995305,0.00779383202525,0.990788796253
573539000000,552,573539000000,world,30.9116458632,1.89585081343,1.17533763615,0.0458677083228,0.127172995305,0.00779383202525,0.990788796253
573573000000,553,573572000000,world,30.9116458632,1.89585081343,1.17533763615,0.0458677083228,0.127172995305,0.00779383202525,0.990788796253
573606000000,554,573605000000,world,31.6433072447,1.8495010464,1.1670592406,0.0635230787991,0.125865680954,0.00367748981257,0.990004608518
573639000000,555,573639000000,world,31.6433072447,1.8495010464,1.1670592406,0.0635230787991,0.125865680954,0.00367748981257,0.990004608518
573672000000,556,573672000000,world,32.3805345902,1.82031147102,1.15448206148,0.0313298204771,0.122685827215,0.00291110940376,0.991946649569
573705000000,557,573705000000,world,32.3805345902,1.82031147102,1.15448206148,0.0313298204771,0.122685827215,0.00291110940376,0.991946649569
573739000000,558,573739000000,world,32.3805345902,1.82031147102,1.15448206148,0.0313298204771,0.122685827215,0.00291110940376,0.991946649569
573773000000,559,573773000000,world,33.1099601529,1.79876574632,1.14021805105,0.0206008401024,-0.120908821616,-0.00759418336844,-0.99242077297
573805000000,560,573805000000,world,33.1099601529,1.79876574632,1.14021805105,0.0206008401024,-0.120908821616,-0.00759418336844,-0.99242077297
573839000000,561,573839000000,world,33.1099601529,1.79876574632,1.14021805105,0.0206008401024,-0.120908821616,-0.00759418336844,-0.99242077297
573872000000,562,573872000000,world,33.8324519981,1.779158938,1.1267705992,0.0646916164299,-0.121645441428,-0.0150342840106,-0.990349105946
573905000000,563,573905000000,world,33.8324519981,1.779158938,1.1267705992,0.0646916164299,-0.121645441428,-0.0150342840106,-0.990349105946
573940000000,564,573939000000,world,33.8324519981,1.779158938,1.1267705992,0.0646916164299,-0.121645441428,-0.0150342840106,-0.990349105946
573972000000,565,573972000000,world,34.560382086,1.7580268099,1.11697460344,0.0841751639543,-0.120412625937,-0.0219192795133,-0.988905903751
574005000000,566,574005000000,world,34.560382086,1.7580268099,1.11697460344,0.0841751639543,-0.120412625937,-0.0219192795133,-0.988905903751
574039000000,567,574039000000,world,34.560382086,1.7580268099,1.11697460344,0.0841751639543,-0.120412625937,-0.0219192795133,-0.988905903751
574072000000,568,574072000000,world,34.560382086,1.7580268099,1.11697460344,0.0841751639543,-0.120412625937,-0.0219192795133,-0.988905903751
574105000000,569,574105000000,world,35.2918211875,1.72630085174,1.11286233142,0.0553221340786,-0.123490327167,-0.0237533390011,-0.990517733038
574139000000,570,574139000000,world,35.2918211875,1.72630085174,1.11286233142,0.0553221340786,-0.123490327167,-0.0237533390011,-0.990517733038
574172000000,571,574172000000,world,36.026210659,1.69017006037,1.11228810751,0.00185758254019,-0.128354534445,-0.0192784956669,-0.991539208745
574205000000,572,574205000000,world,36.026210659,1.69017006037,1.11228810751,0.00185758254019,-0.128354534445,-0.0192784956669,-0.991539208745
574239000000,573,574239000000,world,36.026210659,1.69017006037,1.11228810751,0.00185758254019,-0.128354534445,-0.0192784956669,-0.991539208745
574273000000,574,574272000000,world,36.7587041333,1.66689879426,1.11157883305,0.0290185493026,0.126638216606,0.0120430726943,0.991451284881
574305000000,575,574305000000,world,36.7587041333,1.66689879426,1.11157883305,0.0290185493026,0.126638216606,0.0120430726943,0.991451284881
574339000000,576,574339000000,world,36.7587041333,1.66689879426,1.11157883305,0.0290185493026,0.126638216606,0.0120430726943,0.991451284881
574372000000,577,574372000000,world,37.4907135089,1.65623980726,1.10594204001,0.0298511368976,0.124853122909,0.00685681102454,0.991702370406
574405000000,578,574405000000,world,37.4907135089,1.65623980726,1.10594204001,0.0298511368976,0.124853122909,0.00685681102454,0.991702370406
574439000000,579,574439000000,world,37.9888271735,1.64999066121,1.0997960172,0.0231009938993,0.125227322709,0.0053792394091,0.99184450672
574472000000,580,574472000000,world,37.9888271735,1.64999066121,1.0997960172,0.0231009938993,0.125227322709,0.0053792394091,0.99184450672
574505000000,581,574505000000,world,37.9888271735,1.64999066121,1.0997960172,0.0231009938993,0.125227322709,0.0053792394091,0.99184450672
574539000000,582,574539000000,world,37.9888271735,1.64999066121,1.0997960172,0.0231009938993,0.125227322709,0.0053792394091,0.99184450672
574572000000,583,574572000000,world,38.9540187704,1.6310944518,1.08966705287,0.0113739500399,0.122768872824,0.00543308940163,0.992355238141
574605000000,584,574605000000,world,38.9540187704,1.6310944518,1.08966705287,0.0113739500399,0.122768872824,0.00543308940163,0.992355238141
574639000000,585,574639000000,world,38.9540187704,1.6310944518,1.08966705287,0.0113739500399,0.122768872824,0.00543308940163,0.992355238141
574672000000,586,574672000000,world,39.6872675307,1.61455859899,1.08114081082,-0.00623484548995,-0.124215466614,-0.00638760625361,-0.992215119337
574705000000,587,574705000000,world,39.6872675307,1.61455859899,1.08114081082,-0.00623484548995,-0.124215466614,-0.00638760625361,-0.992215119337
574739000000,588,574739000000,world,39.6872675307,1.61455859899,1.08114081082,-0.00623484548995,-0.124215466614,-0.00638760625361,-0.992215119337
574773000000,589,574772000000,world,40.4272467864,1.60103951608,1.07278287484,0.00421378149543,-0.124032227351,-0.00783650968077,-0.99223829786
574805000000,590,574805000000,world,40.4272467864,1.60103951608,1.07278287484,0.00421378149543,-0.124032227351,-0.00783650968077,-0.99223829786
574839000000,591,574839000000,world,40.4272467864,1.60103951608,1.07278287484,0.00421378149543,-0.124032227351,-0.00783650968077,-0.99223829786
574872000000,592,574872000000,world,40.4272467864,1.60103951608,1.07278287484,0.00421378149543,-0.124032227351,-0.00783650968077,-0.99223829786
574905000000,593,574905000000,world,41.407997388,1.59523993818,1.06078045221,0.0332140118915,-0.122413010729,-0.0116091322494,-0.991855388787
574939000000,594,574939000000,world,41.407997388,1.59523993818,1.06078045221,0.0332140118915,-0.122413010729,-0.0116091322494,-0.991855388787
574973000000,595,574973000000,world,41.407997388,1.59523993818,1.06078045221,0.0332140118915,-0.122413010729,-0.0116091322494,-0.991855388787
575006000000,596,575005000000,world,42.1410518256,1.58553229577,1.05361424189,0.0319152358871,-0.122585403728,-0.0137758382477,-0.991849012094
575039000000,597,575039000000,world,42.1410518256,1.58553229577,1.05361424189,0.0319152358871,-0.122585403728,-0.0137758382477,-0.991849012094
575072000000,598,575072000000,world,42.1410518256,1.58553229577,1.05361424189,0.0319152358871,-0.122585403728,-0.0137758382477,-0.991849012094
575106000000,599,575105000000,world,42.1410518256,1.58553229577,1.05361424189,0.0319152358871,-0.122585403728,-0.0137758382477,-0.991849012094
575139000000,600,575139000000,world,43.1082542224,1.56834441385,1.0473820498,0.0107817203697,-0.121690562432,-0.0134233202797,-0.992418750323
575173000000,601,575173000000,world,43.1082542224,1.56834441385,1.0473820498,0.0107817203697,-0.121690562432,-0.0134233202797,-0.992418750323
575205000000,602,575205000000,world,43.1082542224,1.56834441385,1.0473820498,0.0107817203697,-0.121690562432,-0.0134233202797,-0.992418750323
575239000000,603,575239000000,world,43.1082542224,1.56834441385,1.0473820498,0.0107817203697,-0.121690562432,-0.0134233202797,-0.992418750323
575273000000,604,575272000000,world,44.0817028147,1.56524641622,1.0384518289,0.00925907119687,-0.120570290871,-0.0118531208662,-0.992590841226
575305000000,605,575305000000,world,44.0817028147,1.56524641622,1.0384518289,0.00925907119687,-0.120570290871,-0.0118531208662,-0.992590841226
575339000000,606,575339000000,world,44.5796509211,1.56662188969,1.03285812629,0.0115035305755,-0.121305453302,-0.0114401008906,-0.992482634546
575372000000,607,575372000000,world,44.5796509211,1.56662188969,1.03285812629,0.0115035305755,-0.121305453302,-0.0114401008906,-0.992482634546
575405000000,608,575405000000,world,44.5796509211,1.56662188969,1.03285812629,0.0115035305755,-0.121305453302,-0.0114401008906,-0.992482634546
575439000000,609,575439000000,world,44.5796509211,1.56662188969,1.03285812629,0.0115035305755,-0.121305453302,-0.0114401008906,-0.992482634546
575473000000,610,575472000000,world,45.5465892791,1.56781232801,1.02268207027,0.00860824080789,-0.124162086957,-0.0109940327514,-0.992163698992
575505000000,611,575505000000,world,45.5465892791,1.56781232801,1.02268207027,0.00860824080789,-0.124162086957,-0.0109940327514,-0.992163698992
575540000000,612,575539000000,world,46.0453001992,1.56835361025,1.01736665202,0.0050188247252,-0.126009562137,-0.0106036747487,-0.991959658318
575572000000,613,575572000000,world,46.0453001992,1.56835361025,1.01736665202,0.0050188247252,-0.126009562137,-0.0106036747487,-0.991959658318
575605000000,614,575605000000,world,46.0453001992,1.56835361025,1.01736665202,0.0050188247252,-0.126009562137,-0.0106036747487,-0.991959658318
575639000000,615,575639000000,world,46.0453001992,1.56835361025,1.01736665202,0.0050188247252,-0.126009562137,-0.0106036747487,-0.991959658318
575672000000,616,575672000000,world,47.0120488623,1.57150099374,1.00778840809,0.00177663420466,-0.126203233618,-0.00973740361926,-0.991955024366
575705000000,617,575705000000,world,47.0120488623,1.57150099374,1.00778840809,0.00177663420466,-0.126203233618,-0.00973740361926,-0.991955024366
575740000000,618,575739000000,world,47.0120488623,1.57150099374,1.00778840809,0.00177663420466,-0.126203233618,-0.00973740361926,-0.991955024366
575772000000,619,575772000000,world,47.7524638687,1.5754231099,0.9991112037,0.00190534685563,-0.126299921057,-0.00940873580107,-0.991945651377
575805000000,620,575805000000,world,47.7524638687,1.5754231099,0.9991112037,0.00190534685563,-0.126299921057,-0.00940873580107,-0.991945651377
575839000000,621,575839000000,world,47.7524638687,1.5754231099,0.9991112037,0.00190534685563,-0.126299921057,-0.00940873580107,-0.991945651377
575873000000,622,575872000000,world,47.7524638687,1.5754231099,0.9991112037,0.00190534685563,-0.126299921057,-0.00940873580107,-0.991945651377
575905000000,623,575905000000,world,48.7269079423,1.58025659496,0.988450966808,0.00192112106258,-0.124088044284,-0.00927167159213,-0.992226034059
575939000000,624,575939000000,world,48.7269079423,1.58025659496,0.988450966808,0.00192112106258,-0.124088044284,-0.00927167159213,-0.992226034059
575972000000,625,575972000000,world,48.7269079423,1.58025659496,0.988450966808,0.00192112106258,-0.124088044284,-0.00927167159213,-0.992226034059
576006000000,626,576005000000,world,49.4680173333,1.58361140987,0.97921765447,0.00158059014808,-0.124042176413,-0.00920279148217,-0.992233011361
576039000000,627,576039000000,world,49.4680173333,1.58361140987,0.97921765447,0.00158059014808,-0.124042176413,-0.00920279148217,-0.992233011361
576072000000,628,576072000000,world,49.4680173333,1.58361140987,0.97921765447,0.00158059014808,-0.124042176413,-0.00920279148217,-0.992233011361
576105000000,629,576105000000,world,50.1928234352,1.586529728,0.971273861747,0.00107641368988,-0.120777679039,-0.00917185847738,-0.992636625655
576139000000,630,576139000000,world,50.1928234352,1.586529728,0.971273861747,0.00107641368988,-0.120777679039,-0.00917185847738,-0.992636625655
576173000000,631,576173000000,world,50.1928234352,1.586529728,0.971273861747,0.00107641368988,-0.120777679039,-0.00917185847738,-0.992636625655
576206000000,632,576205000000,world,50.9243886859,1.58928976384,0.962604263356,0.000949130536474,-0.117830112198,-0.00915719636618,-0.99299109239
576239000000,633,576239000000,world,50.9243886859,1.58928976384,0.962604263356,0.000949130536474,-0.117830112198,-0.00915719636618,-0.99299109239
576272000000,634,576272000000,world,50.9243886859,1.58928976384,0.962604263356,0.000949130536474,-0.117830112198,-0.00915719636618,-0.99299109239
576305000000,635,576305000000,world,50.9243886859,1.58928976384,0.962604263356,0.000949130536474,-0.117830112198,-0.00915719636618,-0.99299109239
576340000000,636,576339000000,world,51.8971051821,1.59264388845,0.947652361559,0.00143190368186,-0.117903070682,-0.00928637068166,-0.992980653837
576372000000,637,576372000000,world,51.8971051821,1.59264388845,0.947652361559,0.00143190368186,-0.117903070682,-0.00928637068166,-0.992980653837
576405000000,638,576405000000,world,51.8971051821,1.59264388845,0.947652361559,0.00143190368186,-0.117903070682,-0.00928637068166,-0.992980653837
576439000000,639,576439000000,world,51.8971051821,1.59264388845,0.947652361559,0.00143190368186,-0.117903070682,-0.00928637068166,-0.992980653837
576472000000,640,576472000000,world,52.8688198182,1.5952778788,0.929437193716,0.00158005491151,-0.120108165383,-0.00944833959259,-0.992714591871
576505000000,641,576505000000,world,52.8688198182,1.5952778788,0.929437193716,0.00158005491151,-0.120108165383,-0.00944833959259,-0.992714591871
576540000000,642,576539000000,world,52.8688198182,1.5952778788,0.929437193716,0.00158005491151,-0.120108165383,-0.00944833959259,-0.992714591871
576572000000,643,576572000000,world,53.6062362896,1.59698094841,0.911912319999,0.00161381935889,-0.122818568044,-0.00955869120619,-0.99238179465
576605000000,644,576605000000,world,53.6062362896,1.59698094841,0.911912319999,0.00161381935889,-0.122818568044,-0.00955869120619,-0.99238179465
576639000000,645,576639000000,world,53.6062362896,1.59698094841,0.911912319999,0.00161381935889,-0.122818568044,-0.00955869120619,-0.99238179465
576673000000,646,576672000000,world,54.3351937609,1.59856300533,0.889662196193,0.0020414475677,-0.124325239965,-0.00965417503698,-0.992192453158
576705000000,647,576705000000,world,54.3351937609,1.59856300533,0.889662196193,0.0020414475677,-0.124325239965,-0.00965417503698,-0.992192453158
576739000000,648,576739000000,world,54.3351937609,1.59856300533,0.889662196193,0.0020414475677,-0.124325239965,-0.00965417503698,-0.992192453158
576772000000,649,576772000000,world,54.3351937609,1.59856300533,0.889662196193,0.0020414475677,-0.124325239965,-0.00965417503698,-0.992192453158
576806000000,650,576805000000,world,55.3101573553,1.60029780658,0.85171195188,0.0027135664959,-0.124220562501,-0.00984322936521,-0.992202095969
576839000000,651,576839000000,world,55.3101573553,1.60029780658,0.85171195188,0.0027135664959,-0.124220562501,-0.00984322936521,-0.992202095969
576873000000,652,576872000000,world,55.3101573553,1.60029780658,0.85171195188,0.0027135664959,-0.124220562501,-0.00984322936521,-0.992202095969
576905000000,653,576905000000,world,56.0390043459,1.60149066124,0.822497632517,0.00298541560185,-0.125423032445,-0.0100219984536,-0.99204823964
576940000000,654,576939000000,world,56.0390043459,1.60149066124,0.822497632517,0.00298541560185,-0.125423032445,-0.0100219984536,-0.99204823964
576972000000,655,576972000000,world,56.0390043459,1.60149066124,0.822497632517,0.00298541560185,-0.125423032445,-0.0100219984536,-0.99204823964
577005000000,656,577005000000,world,56.0390043459,1.60149066124,0.822497632517,0.00298541560185,-0.125423032445,-0.0100219984536,-0.99204823964
577040000000,657,577039000000,world,56.9997758534,1.60255117071,0.787145086516,0.00283942274907,-0.122778964168,-0.0101909345337,-0.992377654167
577073000000,658,577072000000,world,56.9997758534,1.60255117071,0.787145086516,0.00283942274907,-0.122778964168,-0.0101909345337,-0.992377654167
577105000000,659,577105000000,world,56.9997758534,1.60255117071,0.787145086516,0.00283942274907,-0.122778964168,-0.0101909345337,-0.992377654167
577139000000,660,577139000000,world,56.9997758534,1.60255117071,0.787145086516,0.00283942274907,-0.122778964168,-0.0101909345337,-0.992377654167
577172000000,661,577172000000,world,57.9691400309,1.60405665909,0.751251781099,0.00363894531088,-0.12213730128,-0.0103323741045,-0.992452759459
577205000000,662,577205000000,world,57.9691400309,1.60405665909,0.751251781099,0.00363894531088,-0.12213730128,-0.0103323741045,-0.992452759459
577239000000,663,577239000000,world,57.9691400309,1.60405665909,0.751251781099,0.00363894531088,-0.12213730128,-0.0103323741045,-0.992452759459
577273000000,664,577272000000,world,58.699348064,1.60514631032,0.7240343831,0.00383609011334,-0.124008027336,-0.0104304671687,-0.992218977305
577305000000,665,577305000000,world,58.699348064,1.60514631032,0.7240343831,0.00383609011334,-0.124008027336,-0.0104304671687,-0.992218977305
577339000000,666,577339000000,world,58.699348064,1.60514631032,0.7240343831,0.00383609011334,-0.124008027336,-0.0104304671687,-0.992218977305
577372000000,667,577372000000,world,59.4292446603,1.60612035142,0.697808219121,0.00368686586466,-0.124641792049,-0.0105394125203,-0.992138977905
577405000000,668,577405000000,world,59.4292446603,1.60612035142,0.697808219121,0.00368686586466,-0.124641792049,-0.0105394125203,-0.992138977905
577440000000,669,577439000000,world,59.4292446603,1.60612035142,0.697808219121,0.00368686586466,-0.124641792049,-0.0105394125203,-0.992138977905
577472000000,670,577472000000,world,60.1660475316,1.60723296296,0.671924410833,0.00375621957715,-0.12377191687,-0.0105649003188,-0.992247341286
577506000000,671,577505000000,world,60.1660475316,1.60723296296,0.671924410833,0.00375621957715,-0.12377191687,-0.0105649003188,-0.992247341286
577539000000,672,577539000000,world,60.1660475316,1.60723296296,0.671924410833,0.00375621957715,-0.12377191687,-0.0105649003188,-0.992247341286
577573000000,673,577573000000,world,60.1660475316,1.60723296296,0.671924410833,0.00375621957715,-0.12377191687,-0.0105649003188,-0.992247341286
577605000000,674,577605000000,world,61.1343949411,1.60881759374,0.639350240643,0.00406275699885,-0.119142622799,-0.0106643867303,-0.992811563336
577640000000,675,577639000000,world,61.1343949411,1.60881759374,0.639350240643,0.00406275699885,-0.119142622799,-0.0106643867303,-0.992811563336
577672000000,676,577672000000,world,61.1343949411,1.60881759374,0.639350240643,0.00406275699885,-0.119142622799,-0.0106643867303,-0.992811563336
577705000000,677,577705000000,world,61.8715258057,1.61025013467,0.612354791546,0.00433615875155,-0.120435742388,-0.0107482575214,-0.992653466545
577739000000,678,577739000000,world,61.8715258057,1.61025013467,0.612354791546,0.00433615875155,-0.120435742388,-0.0107482575214,-0.992653466545
577773000000,679,577772000000,world,61.8715258057,1.61025013467,0.612354791546,0.00433615875155,-0.120435742388,-0.0107482575214,-0.992653466545
577805000000,680,577805000000,world,62.593194838,1.6117705839,0.586749535781,0.00458880142656,-0.120881877093,-0.0108195309298,-0.992597326433
577839000000,681,577839000000,world,62.593194838,1.6117705839,0.586749535781,0.00458880142656,-0.120881877093,-0.0108195309298,-0.992597326433
577873000000,682,577872000000,world,62.593194838,1.6117705839,0.586749535781,0.00458880142656,-0.120881877093,-0.0108195309298,-0.992597326433
577906000000,683,577906000000,world,63.3202795077,1.61350416765,0.562153621246,0.00493533054523,-0.118636891263,-0.01086964755,-0.99286594327
577940000000,684,577939000000,world,63.3202795077,1.61350416765,0.562153621246,0.00493533054523,-0.118636891263,-0.01086964755,-0.99286594327
577972000000,685,577972000000,world,63.3202795077,1.61350416765,0.562153621246,0.00493533054523,-0.118636891263,-0.01086964755,-0.99286594327
578005000000,686,578005000000,world,64.0538779787,1.61541763308,0.536422914876,0.00520171796444,-0.116896585463,-0.0109803301124,-0.993069767332
578040000000,687,578039000000,world,64.0538779787,1.61541763308,0.536422914876,0.00520171796444,-0.116896585463,-0.0109803301124,-0.993069767332
578072000000,688,578072000000,world,64.0538779787,1.61541763308,0.536422914876,0.00520171796444,-0.116896585463,-0.0109803301124,-0.993069767332
578105000000,689,578105000000,world,64.0538779787,1.61541763308,0.536422914876,0.00520171796444,-0.116896585463,-0.0109803301124,-0.993069767332
578139000000,690,578139000000,world,65.0140828686,1.61802974949,0.499803725038,0.00516956993572,-0.121346057275,-0.0111309532876,-0.992534388225
578172000000,691,578172000000,world,65.0140828686,1.61802974949,0.499803725038,0.00516956993572,-0.121346057275,-0.0111309532876,-0.992534388225
578205000000,692,578205000000,world,65.0140828686,1.61802974949,0.499803725038,0.00516956993572,-0.121346057275,-0.0111309532876,-0.992534388225
578240000000,693,578240000000,world,65.0140828686,1.61802974949,0.499803725038,0.00516956993572,-0.121346057275,-0.0111309532876,-0.992534388225
578273000000,694,578272000000,world,65.988980516,1.62068193425,0.462616977174,0.00463604466028,-0.126526004408,-0.0110661337576,-0.991890728852
578305000000,695,578305000000,world,65.988980516,1.62068193425,0.462616977174,0.00463604466028,-0.126526004408,-0.0110661337576,-0.991890728852
578339000000,696,578339000000,world,65.988980516,1.62068193425,0.462616977174,0.00463604466028,-0.126526004408,-0.0110661337576,-0.991890728852
578372000000,697,578372000000,world,66.716596465,1.623112037,0.434862910539,0.0046519669285,-0.128464142133,-0.0110524875554,-0.991641651963
578406000000,698,578406000000,world,66.716596465,1.623112037,0.434862910539,0.0046519669285,-0.128464142133,-0.0110524875554,-0.991641651963
578439000000,699,578439000000,world,66.716596465,1.623112037,0.434862910539,0.0046519669285,-0.128464142133,-0.0110524875554,-0.991641651963
578472000000,700,578472000000,world,67.4370375956,1.62549809725,0.407327487024,0.00452145720264,-0.128224530379,-0.0110264023821,-0.99167355752
578505000000,701,578505000000,world,67.4370375956,1.62549809725,0.407327487024,0.00452145720264,-0.128224530379,-0.0110264023821,-0.99167355752
578539000000,702,578539000000,world,67.4370375956,1.62549809725,0.407327487024,0.00452145720264,-0.128224530379,-0.0110264023821,-0.99167355752
578573000000,703,578572000000,world,68.164630249,1.62794124442,0.379597029055,0.00440948091312,-0.12558618997,-0.0110195725984,-0.992011710811
578605000000,704,578605000000,world,68.164630249,1.62794124442,0.379597029055,0.00440948091312,-0.12558618997,-0.0110195725984,-0.992011710811
578639000000,705,578639000000,world,68.164630249,1.62794124442,0.379597029055,0.00440948091312,-0.12558618997,-0.0110195725984,-0.992011710811
578672000000,706,578672000000,world,68.8926806376,1.63056383783,0.351591014937,0.00463121764105,-0.122750035405,-0.0110173768611,-0.992365657426
578705000000,707,578705000000,world,68.8926806376,1.63056383783,0.351591014937,0.00463121764105,-0.122750035405,-0.0110173768611,-0.992365657426
578739000000,708,578739000000,world,68.8926806376,1.63056383783,0.351591014937,0.00463121764105,-0.122750035405,-0.0110173768611,-0.992365657426
578772000000,709,578772000000,world,69.6204189569,1.6332250543,0.324188905373,0.00485068696217,-0.119390625505,-0.0110668486944,-0.99277382834
578806000000,710,578805000000,world,69.6204189569,1.6332250543,0.324188905373,0.00485068696217,-0.119390625505,-0.0110668486944,-0.99277382834
578839000000,711,578839000000,world,69.6204189569,1.6332250543,0.324188905373,0.00485068696217,-0.119390625505,-0.0110668486944,-0.99277382834
578872000000,712,578872000000,world,70.3566189784,1.63591329729,0.295582389741,0.00489989827727,-0.119727797571,-0.0111754469035,-0.992731763807
578905000000,713,578905000000,world,70.3566189784,1.63591329729,0.295582389741,0.00489989827727,-0.119727797571,-0.0111754469035,-0.992731763807
578939000000,714,578939000000,world,70.3566189784,1.63591329729,0.295582389741,0.00489989827727,-0.119727797571,-0.0111754469035,-0.992731763807
578972000000,715,578972000000,world,70.3566189784,1.63591329729,0.295582389741,0.00489989827727,-0.119727797571,-0.0111754469035,-0.992731763807
579005000000,716,579005000000,world,71.3263663849,1.63948754871,0.258191926445,0.00501653204196,-0.122602582983,-0.0112677297708,-0.992379201373
579039000000,717,579039000000,world,71.3263663849,1.63948754871,0.258191926445,0.00501653204196,-0.122602582983,-0.0112677297708,-0.992379201373
579072000000,718,579072000000,world,71.3263663849,1.63948754871,0.258191926445,0.00501653204196,-0.122602582983,-0.0112677297708,-0.992379201373
579105000000,719,579105000000,world,72.055030837,1.64220363359,0.230815731272,0.00495999705685,-0.123657135523,-0.0112553085069,-0.992248773894
579139000000,720,579139000000,world,72.055030837,1.64220363359,0.230815731272,0.00495999705685,-0.123657135523,-0.0112553085069,-0.992248773894
579172000000,721,579172000000,world,72.055030837,1.64220363359,0.230815731272,0.00495999705685,-0.123657135523,-0.0112553085069,-0.992248773894
579205000000,722,579205000000,world,72.7818786658,1.64509961029,0.205048648041,0.00514172757333,-0.120923244509,-0.0112298942489,-0.992585019558
579240000000,723,579239000000,world,72.7818786658,1.64509961029,0.205048648041,0.00514172757333,-0.120923244509,-0.0112298942489,-0.992585019558
579272000000,724,579272000000,world,72.7818786658,1.64509961029,0.205048648041,0.00514172757333,-0.120923244509,-0.0112298942489,-0.992585019558
579305000000,725,579305000000,world,73.4912090425,1.64845111459,0.197142682206,0.0072827068729,-0.103558339441,-0.00958489263574,-0.994550532827
579340000000,726,579339000000,world,73.4912090425,1.64845111459,0.197142682206,0.0072827068729,-0.103558339441,-0.00958489263574,-0.994550532827
579372000000,727,579372000000,world,73.4912090425,1.64845111459,0.197142682206,0.0072827068729,-0.103558339441,-0.00958489263574,-0.994550532827
