557064000000,430,557064000000,base_link,0.000549857039005,0.00196878216229,-0.0458801463246,-0.00237561257421,-0.00878755145706,-0.000982288288539
557096000000,431,557096000000,base_link,0.000125858816318,0.00220785732381,-0.0458922125399,-5.23987785119e-06,-0.00722149056386,-0.000307230444663
557128000000,432,557128000000,base_link,-0.00066172843799,0.00354190240614,-0.0451845936477,-0.000401009795647,-0.0033827044409,-0.00118516517491
557164000000,433,557164000000,base_link,-0.00109245418571,0.00339230755344,-0.0449851602316,0.000927904276595,-0.00527518668028,-0.000374862772337
557196000000,434,557196000000,base_link,-0.0021284581162,0.0027072019875,-0.0434251800179,0.00893631071123,-0.00547923900548,-0.00156366771237
557228000000,435,557228000000,base_link,-0.00114342628513,0.00337917846628,-0.0439573973417,0.0022358661047,-0.00430849187937,0.00428161187168
557264000000,436,557264000000,base_link,-0.00178360554855,0.00319662201218,-0.0431591793895,0.000475005700696,-0.00438182679403,0.00624690996805
557296000000,437,557296000000,base_link,-0.00198385445401,0.00348310661502,-0.0433875583112,-0.000956850847254,-0.000786217696308,-0.00388656821873
557328000000,438,557328000000,base_link,-0.00203725509346,0.0041461228393,-0.0434482060373,0.000977079749084,-0.00432322495797,0.0013733928112
557364000000,439,557364000000,base_link,-0.00204564002343,0.00431314203888,-0.0425411462784,0.00640972638141,-0.0037889160844,-0.00035761784044
557396000000,440,557396000000,base_link,-0.0016912369756,0.00451963255182,-0.0407831035554,0.00388928592939,-0.00413082668347,0.000123074564187
557428000000,441,557428000000,base_link,-0.00122734322213,0.00499598681927,-0.0390569344163,0.0012508828138,-0.00583422506547,0.00216116246159
557464000000,442,557464000000,base_link,-0.00152961490676,0.00547039834782,-0.0377318672836,-0.00146405167703,-0.00414513249682,-0.000457296189508
557496000000,443,557496000000,base_link,-0.000789359037299,0.00493112532422,-0.0362359061837,-0.000150926689116,-0.00605736044788,0.00338322268213
557528000000,444,557528000000,base_link,-0.000877322338056,0.00555046275258,-0.0349138118327,0.00175649702312,-0.0065829195816,0.00204481589222
557564000000,445,557564000000,base_link,-0.000996272894554,0.00386006617919,-0.0342175252736,0.000538141510651,-0.00569791729799,0.00573119896104
557596000000,446,557596000000,base_link,-0.000879505241755,0.00368092441931,-0.0331550016999,0.00552993551758,-0.00916225122583,-0.000480201601534
557628000000,447,557628000000,base_link,2.14658575715e-06,0.00295275263488,-0.03126148507,0.00357893968695,-0.00535484295295,-0.000313329594073
557664000000,448,557664000000,base_link,0.000335962162353,0.00113181909546,-0.029886296019,-0.000237589881533,-0.00118589145527,0.00770926501779
557696000000,449,557696000000,base_link,-0.000173267966602,0.00143212324474,-0.0288597457111,0.00207635401658,-0.0061847562153,0.0043313622425
557728000000,450,557728000000,base_link,4.50094412372e-05,0.0012136924779,-0.0280886776745,0.00119512480539,-0.00598239250636,0.00409951264051
557764000000,451,557764000000,base_link,-2.58922154899e-05,0.0014582904987,-0.0280327107757,0.000376008741743,-0.00271692605715,0.00259187052352
557796000000,452,557796000000,base_link,0.000347618828528,0.000847619958222,-0.0267154145986,-0.00157813421649,-0.00174517766797,-0.00275054321958
557828000000,453,557828000000,base_link,0.000557388004381,0.00065572198946,-0.0264449901879,-0.00199632742063,-0.0008945174632,0.00388287858914
557864000000,454,557864000000,base_link,0.000771510356572,0.000167855148902,-0.0264520384371,0.00186408279431,-0.00971004674747,-0.00271907885857
557896000000,455,557896000000,base_link,0.000323755841237,0.000109915141365,-0.0257811527699,-0.00140807061583,-0.0113920067718,-0.000376036529646
557928000000,456,557928000000,base_link,0.00121871498413,0.000129994659801,-0.024981752038,0.00493687185223,-0.00721489518028,0.00151338146532
557964000000,457,557964000000,base_link,0.00121950008906,0.000422675657319,-0.0240320190787,0.00151761848944,-0.000101297329786,0.00330703147213
557996000000,458,557996000000,base_link,0.00131435552612,0.000183192110853,-0.0232311058789,-0.000284312595526,-0.00339258626229,0.00207294248376
558028000000,459,558027000000,base_link,0.00149387132842,0.000278024817817,-0.022104607895,-0.00218025993033,-0.00532664807298,0.00202426229435
558064000000,460,558064000000,base_link,0.00134854216594,0.000506155600306,-0.0220700036734,0.00187638148391,-0.00696607877065,0.00365079821706
558096000000,461,558096000000,base_link,0.000806065043435,0.000505995063577,-0.0202751327306,-0.0032922502026,-0.00320913248553,-0.00230812038411
558128000000,462,558128000000,base_link,-0.000311360839987,0.000343300198438,-0.0199116636068,0.00562694032859,-0.00503290725703,-0.000759059202882
558164000000,463,558164000000,base_link,0.000279458123259,0.000196353765205,-0.0188863184303,0.00235792775432,-0.00599517597873,0.000636468820432
558196000000,464,558196000000,base_link,0.00119090743829,0.000188004720258,-0.0188898462802,0.000304811200194,-0.0055070764852,-0.00217945664931
558228000000,465,558228000000,base_link,0.00209759036079,0.000446698366432,-0.0168731566519,0.0015228799458,-0.00899478429036,-0.0002348901766
558264000000,466,558264000000,base_link,0.00194578093942,0.00109986891039,-0.0157818347216,-0.000754779654613,-0.00741598005062,-0.00510430838284
558296000000,467,558296000000,base_link,0.00165875151288,-0.000280337000731,-0.0140420747921,-0.00610941628765,-0.00310583183305,7.67065504631e-05
558328000000,468,558328000000,base_link,0.00262174080126,-0.000276791222859,-0.0132902227342,0.0048725019682,-0.00211786565422,-0.00165198086317
558364000000,469,558364000000,base_link,0.00257831858471,-6.92425892339e-05,-0.0125459106639,0.00369492136181,-0.0045158870275,-0.00511415673668
558396000000,470,558396000000,base_link,0.00292903627269,0.000768249796238,-0.0115028237924,0.000602389144904,-0.00179622628236,0.00393421610653
558428000000,471,558428000000,base_link,0.0028272937052,0.00139605533332,-0.0109252957627,0.0026321713178,-0.00759523451228,0.00397671064429
558464000000,472,558464000000,base_link,0.00403320370242,0.000252038240433,-0.0099811013788,0.00179234808737,-0.00461426625075,0.00154564547939
558496000000,473,558496000000,base_link,0.00416666036472,0.00012933491962,-0.00956355687231,0.00114627789284,-0.00959384687944,-0.00363064332049
558528000000,474,558528000000,base_link,0.0037336004898,0.000568220682908,-0.00834330637008,0.00659750582942,-0.00353440422479,0.00369620308831
558564000000,475,558564000000,base_link,0.00426212977618,0.00202918099239,-0.0087408227846,0.00294620709884,-0.00775224376822,0.000147734088645
558596000000,476,558596000000,base_link,0.00408299034461,0.00250866007991,-0.00765699706972,0.00352786788647,-0.00597194024624,0.00429688367379
558627000000,477,558627000000,base_link,0.0039148288779,0.00183594960254,-0.0075397179462,0.000947357657493,-0.00341023223278,-0.000208216547797
558664000000,478,558664000000,base_link,0.00253978278488,0.00163221254479,-0.00691317440942,0.0053194425325,-0.000662059845238,-0.00194976815809
558696000000,479,558696000000,base_link,0.00321976048872,0.00115489691962,-0.00594279076904,0.00150682625834,-0.00443078459192,0.00327635378112
558728000000,480,558728000000,base_link,0.00324460677803,9.85550650512e-05,-0.00505571998656,0.00268514702382,-0.00861699489258,-0.000234272382623
558764000000,481,558764000000,base_link,0.00244427379221,0.000703950296156,-0.00585598731413,0.0021962220813,-0.00757272113712,-0.00184334732954
558796000000,482,558796000000,base_link,0.00236522872001,-0.000151507294504,-0.00581396790221,0.00388266746419,-0.00732449309643,-0.0015010195653
558828000000,483,558828000000,base_link,0.00159422203433,-0.000254151702393,-0.00612542172894,0.00835866544409,-0.00332845992423,0.00342771903172
558864000000,484,558864000000,base_link,0.00296193500981,-0.000941328296904,-0.0059355199337,0.00577925436744,-0.00535517743444,-0.00459155716662
558896000000,485,558896000000,base_link,0.00345460674725,-0.00058142549824,-0.00651568314061,-0.000262546018956,-0.00662283826449,-0.000257731625228
558927000000,486,558927000000,base_link,0.00459660030901,-0.000356632488547,-0.00663196435198,-0.0022572411794,-0.00400090608525,-0.00205849357205
558964000000,487,558964000000,base_link,0.00455851014704,0.000370773603208,-0.00649619475007,-0.00260833289512,-0.00252276518153,0.00358383388838
558996000000,488,558996000000,base_link,0.00479787401855,0.000411685847212,-0.00688497908413,-0.00528053747608,-0.00555609963055,0.000780781758662
559028000000,489,559028000000,base_link,0.00567115517333,0.000164484416018,-0.00648185331374,-0.00174224573384,-0.00712380935282,-0.00164712777936
559064000000,490,559064000000,base_link,0.00532253878191,-0.00105612445623,-0.0055273170583,-0.00166755016363,0.00130420938574,-0.00320065424582
559096000000,491,559096000000,base_link,0.00487227225676,-0.00161372346338,-0.0052390457131,0.000258644476892,-0.00456760262911,0.00217465051773
559128000000,492,559128000000,base_link,0.00527162849903,-0.00142044690438,-0.00477006146684,0.000598059985108,-0.00415084259036,0.003205692363
559164000000,493,559164000000,base_link,0.00512797338888,-0.00118247675709,-0.00492722121999,0.00437071517174,-0.00265717340506,-0.00017866387575
559196000000,494,559196000000,base_link,0.00417158007622,-0.000487726123538,-0.00433111516759,0.0010992975433,-0.00885547646449,0.00130617285595
559227000000,495,559227000000,base_link,0.00541546940804,-0.000327114074025,-0.0026591909118,0.00510513085299,-0.00593657964504,-0.00104537267365
559264000000,496,559264000000,base_link,0.00523092411458,-2.70742930297e-06,-0.00118210900109,0.000405001692927,-0.000965295354671,0.00158259024683
559296000000,497,559296000000,base_link,0.00538873439655,-0.000484754273202,-0.00212072138675,-0.00257813309957,-0.00951103777593,0.00577092087386
559328000000,498,559328000000,base_link,0.00597966928035,-0.000890969007742,-0.00328913074918,0.00267724063135,-0.00923891026265,0.00212100904798
559364000000,499,559364000000,base_link,0.00536511372775,-0.000676737749018,-0.00269039301202,-0.00168518357565,-0.00194946713024,0.0047128577911
559396000000,500,559396000000,base_link,0.00489520281553,-0.000480633636471,-0.00106770463753,-0.000571322941949,-0.00615108832008,0.000657083588406
559428000000,501,559428000000,base_link,0.00522502046078,0.000803717877716,-0.000161585776368,-0.00180461932569,-0.00335086375783,0.00433715150314
559464000000,502,559464000000,base_link,0.00436360714957,0.000147407205077,0.000334438402206,-0.000869891207183,-0.00564271741472,0.00470174478844
559496000000,503,559496000000,base_link,0.00482697505504,0.000685148115736,0.000374369963538,-0.000563684795948,-0.00689195998781,0.00179475997819
559528000000,504,559528000000,base_link,0.00405074097216,0.00168886431493,0.000818207045086,0.00503408557754,-0.00778983004068,0.00301123766217
559564000000,505,559564000000,base_link,0.00357616506517,0.00160476239398,-0.000239298256929,0.00767564468267,-0.00793986009101,-0.00362679247858
559596000000,506,559596000000,base_link,0.00345167797059,0.00103919324465,0.000488532357849,0.00264420261015,-0.00747343299794,0.00162321204633
559628000000,507,559628000000,base_link,0.00337024056353,0.000550555705559,0.00138422369491,-0.00231418330745,-0.00751190797588,0.00226303267961
559664000000,508,559664000000,base_link,0.00185716326814,0.00100144755561,0.000423431716627,0.000839018258409,-0.00658325501703,0.00230086935962
559696000000,509,559695000000,base_link,0.00170210900251,0.000188705555047,0.000400126940804,-0.00110631342864,-0.0056732071066,0.00184239299424
559728000000,510,559728000000,base_link,0.00119860540144,-0.000471207022201,0.00144665222615,-0.000178385022085,-0.00858237205718,-0.00172610879615
559764000000,511,559764000000,base_link,0.000841816072352,0.000320535851642,0.00170146033634,-0.000278827651326,-0.00500882784594,0.00689700389816
559796000000,512,559796000000,base_link,0.000798076216597,-1.91565450223e-05,0.00194165529683,0.00080704565335,-0.00335076228502,0.00279943708862
559828000000,513,559827000000,base_link,0.000213832216104,-0.00126126781106,0.0020558310207,0.00521556723931,-0.00761520604562,-0.000223331943425
559864000000,514,559864000000,base_link,0.000555357546546,-0.00296411523595,0.00141569087282,0.0040038243619,-0.00656709069779,0.00161868417059
559896000000,515,559896000000,base_link,0.000659761775751,-0.00225565535948,0.00102965196129,0.00394618595227,-0.00740816548841,-0.00133633690754
559928000000,516,559928000000,base_link,0.00101579865441,-0.00158540974371,0.00147770252079,0.000108687816445,-0.00627191835861,-0.00542861205021
559964000000,517,559964000000,base_link,0.00161128677428,-0.00196784618311,0.000865681446157,0.00403058567265,-0.00278644844233,-0.000963343501396
559996000000,518,559996000000,base_link,0.000715349218808,-0.0027626066003,0.000982765341178,0.00200072120201,-0.00262771600592,-0.00336934884697
560028000000,519,560028000000,base_link,0.000285218644422,-0.00265679159202,0.000355854572263,0.00379993155206,-0.00620680150321,0.0018096299241
560064000000,520,560064000000,base_link,-0.000604497967288,-0.0036082721781,0.00111480394844,-0.00125656961616,-0.00409387633194,-0.000471084498599
560096000000,521,560096000000,base_link,-0.00109739077743,-0.00457285298035,0.00144250597805,0.00287997232631,-0.00454456925238,-0.000660524089917
560128000000,522,560128000000,base_link,-0.00141238060314,-0.00497468002141,0.00202474766411,0.0031347341869,-0.00420934793978,0.00424049398061
560164000000,523,560164000000,base_link,-0.00323991593905,-0.00574924657121,0.00150415254757,-0.00226496967666,-0.001605222889,0.00252838533171
560196000000,524,560196000000,base_link,-0.00287981168367,-0.0059812637046,0.0013203357812,0.00118106505645,-0.00837176962425,0.00111017133955
560228000000,525,560228000000,base_link,-0.00226823939011,-0.0073438314721,0.000226665040827,-0.000278878900447,-0.00622277851516,0.000325641601731
560264000000,526,560264000000,base_link,-0.0011511069024,-0.0082044461742,0.000597167003434,-0.00287923657217,-0.00632761098703,-0.00244806585765
560296000000,527,560296000000,base_link,-0.000888136040885,-0.00862112175673,0.00114271161146,0.00324734681788,-0.00383783192605,-0.0034077111803
560327000000,528,560327000000,base_link,-0.0014122268185,-0.00964729487896,0.000483510288177,-0.00127592132763,-5.99324578729e-05,-0.00314798729336
560364000000,529,560364000000,base_link,-0.00192895566579,-0.00990128237754,-3.34875367116e-05,0.00121715963418,-0.00677359764285,0.00223899651234
560396000000,530,560396000000,base_link,-0.00134956312831,-0.0103092584759,-0.000751170446165,0.00103992849271,-0.00502195296598,0.00700566996295
560428000000,531,560428000000,base_link,-0.000681557401549,-0.0109867071733,-0.000337480567396,0.0017100470561,-0.00506035432912,-0.0015024655846
560464000000,532,560464000000,base_link,-0.000529856712092,-0.011241575703,-0.00118171679787,0.000546817138542,-0.00154142623832,0.00572575378447
560496000000,533,560496000000,base_link,-0.00023835808679,-0.0113394800574,-0.00201605400071,-0.00306913128198,-0.000661979411418,-0.00126344187765
560528000000,534,560527000000,base_link,-0.00126723013818,-0.0116833373904,-0.00121171004139,-4.90570999926e-05,8.08167859058e-05,-0.00170876814998
560564000000,535,560564000000,base_link,-0.00057011161698,-0.0120319668204,-0.00219135545194,-0.000485895190215,-0.0018174117086,0.00183528840727
560596000000,536,560596000000,base_link,-0.000991744338535,-0.012437812984,-0.00299919885583,0.000274675658042,-0.0053053703346,-0.000715802654629
560628000000,537,560628000000,base_link,-0.00102452875581,-0.0127022722736,-0.00346682197414,0.00335677533331,-0.00945991731184,-0.000491720709066
560664000000,538,560664000000,base_link,-0.000650641159154,-0.0137291541323,-0.00292510865256,-0.0024690644073,-0.00756556149607,0.000212637542712
560696000000,539,560696000000,base_link,-0.000712644075975,-0.0137545512989,-0.0031873784028,-0.00249878841662,-0.00492996499965,0.000602681028773
560728000000,540,560728000000,base_link,-0.000213005681871,-0.0141543606296,-0.00298735219985,0.00020175921046,-0.000946421931722,0.000466756701242
560764000000,541,560764000000,base_link,-0.000772967294324,-0.0140010816976,-0.00278775137849,0.00376500364776,-0.00288149847383,-0.00189638966505
560796000000,542,560796000000,base_link,-0.00129036582075,-0.0150807267055,-0.00428224494681,0.00112250547671,-0.0041479791776,-0.000619490826611
560828000000,543,560828000000,base_link,-0.000552104320377,-0.0142573518679,-0.00404066732153,0.000726969055572,-0.0030105660719,-0.00204821803298
560864000000,544,560864000000,base_link,-0.000205360993277,-0.0142538426444,-0.00461066048592,0.000732170476413,-0.00116014702894,0.00117525387003
560896000000,545,560896000000,base_link,5.76186721446e-06,-0.0139175653458,-0.00529523473233,-0.00530642272585,-0.00902823593061,-0.00139789104457
560928000000,546,560928000000,base_link,-9.59329336183e-05,-0.013165560551,-0.00533518334851,0.00133996371612,-0.00473271873417,0.00116039036675
560964000000,547,560964000000,base_link,-0.0013867613161,-0.0121862860397,-0.0049827885814,0.0016989690365,-0.0034082944737,-0.000516834908319
560996000000,548,560996000000,base_link,-0.00109980220441,-0.0119690606371,-0.00525136012584,-0.00710437664642,-0.00420019889314,0.00444132383905
561028000000,549,561028000000,base_link,-0.00126279634424,-0.0108524234965,-0.00641297129914,-0.00183714489262,-0.00457813370456,0.00287561618142
561064000000,550,561064000000,base_link,-0.000951645546593,-0.00975681096315,-0.00708028674126,0.00437118097517,-0.00658843651679,-0.00282557121598
561096000000,551,561096000000,base_link,-0.00203718757257,-0.00895705074072,-0.00850819610059,0.0023674353674,-0.00395362632529,0.00235352958495
561128000000,552,561128000000,base_link,-0.00163134117611,-0.00803538318723,-0.00909141730517,0.00495688371966,0.00100307095758,0.00286416202886
561164000000,553,561164000000,base_link,-0.00179555371869,-0.00630189850926,-0.00865771342069,0.000751669952223,-0.000908838220354,0.0030268462724
561196000000,554,561196000000,base_link,-0.00106677960139,-0.00581128383055,-0.00857844669372,0.00169151674747,-0.00450366686632,-0.00257283815778
561228000000,555,561228000000,base_link,0.000246076058829,-0.00549522181973,-0.00901661068201,0.000515266466937,0.000822874939611,-0.00326761257535
561264000000,556,561264000000,base_link,0.00018349198217,-0.00616576056927,-0.00936163496226,-0.00104233198672,-0.00322186789156,0.00572539748846
561296000000,557,561296000000,base_link,0.00102449196856,-0.00556738721207,-0.0103781493381,-0.000196257776073,-0.00779282952805,0.00529005381591
561328000000,558,561328000000,base_link,0.00174216809683,-0.00486238021404,-0.0103875221685,0.00763815396854,-0.00442656882608,0.00510691227942
561364000000,559,561364000000,base_link,0.00245841033757,-0.00530197005719,-0.0111588928849,-0.000366638876949,-0.00390502345178,-0.000378530102119
561396000000,560,561396000000,base_link,0.00236778939143,-0.0055588344112,-0.0112966187298,9.78839338558e-05,-0.00366195743994,-0.00675419506886
561428000000,561,561428000000,base_link,0.00171240221243,-0.00516271125525,-0.011023381725,-0.000613460915739,-0.00716409774745,-0.00062963299783
561464000000,562,561464000000,base_link,0.00107940356247,-0.00485271494836,-0.0106811998412,0.00258537871032,-0.00199110954973,-0.00106696885487
561496000000,563,561496000000,base_link,0.00116341060493,-0.00415055593476,-0.0107516506687,-0.00185935208278,-0.00584369802921,0.00218296355891
561528000000,564,561528000000,base_link,0.00214399350807,-0.0034417740535,-0.0103334505111,0.00227542517796,-0.0037590703762,0.000245449807926
561564000000,565,561564000000,base_link,0.00228435196914,-0.00339573738165,-0.0110037047416,0.00157117769053,-0.00476184560013,-0.0020015524719
561596000000,566,561596000000,base_link,0.00242977961898,-0.00202347640879,-0.0106537993997,0.000942372493307,0.00335212430217,0.00237210809968
561628000000,567,561628000000,base_link,0.00268811476417,-0.00100311497226,-0.0104905888438,-0.00374467328172,-0.00573540969,0.000515058892646
561664000000,568,561664000000,base_link,0.00270581408404,-0.00128326751292,-0.00983851123601,0.00391118813026,-0.00721458859011,-0.000389696087004
561696000000,569,561696000000,base_link,0.00344235287048,-0.00152053462807,-0.00855756737292,-0.00088309592223,-0.0106757579725,0.00206663904001
561728000000,570,561728000000,base_link,0.00356622342952,-0.00104024354368,-0.00827015470713,0.00381535074868,-0.003650524146,-0.00084811244747
561764000000,571,561764000000,base_link,0.00404045870528,-0.00159904523753,-0.00883104838431,-0.00107331035809,-0.0012607156521,-0.00279055147345
561796000000,572,561796000000,base_link,0.00460520666093,-0.00107287080027,-0.00882618781179,0.00367600556482,-0.0100938590485,0.000824155092909
561827000000,573,561827000000,base_link,0.00445000827312,0.00106407550629,-0.00874918047339,0.00137466120857,-0.00570844951671,-0.00694780606511
561864000000,574,561864000000,base_link,0.00477310316637,0.00100209913217,-0.00708934944123,0.00233351566668,-0.00751504121181,0.000906929678148
561896000000,575,561896000000,base_link,0.00435425760224,0.00208145147189,-0.00593968620524,0.00612569350963,-0.00420830691863,0.000379927980885
561928000000,576,561928000000,base_link,0.00436228839681,0.00156540353782,-0.00445585651323,-0.00406207586687,-0.0076673063978,0.00392034304729
561964000000,577,561964000000,base_link,0.00373457465321,0.00174870959017,-0.00397346075624,3.58938536378e-05,-0.00690749776904,-0.000137815416758
561996000000,578,561996000000,base_link,0.00439062900841,0.00344109837897,-0.00545878335834,0.00434033831926,-0.00803836577181,0.00440579124619
562028000000,579,562028000000,base_link,0.00395573675632,0.00281317811459,-0.00620255572721,-0.000761326539683,-0.00636051887505,0.00221991774333
562064000000,580,562064000000,base_link,0.00378814525902,0.00196538772434,-0.00569633161649,0.00268527622459,-0.0082505433171,0.00491854891813
562096000000,581,562096000000,base_link,0.00417877640575,0.000456639914773,-0.00625642249361,0.00701107071831,-0.0101740244675,0.00401861214249
562128000000,582,562128000000,base_link,0.00372508866712,0.000327488087351,-0.0051967301406,-0.00248351425682,-0.00808828593816,0.00291501673072
562164000000,583,562164000000,base_link,0.00320737017319,0.000644386396743,-0.00443004025146,0.00222659606328,-0.00321810386424,0.00511356902758
562196000000,584,562196000000,base_link,0.00275638978928,0.000211613136344,-0.00522537436336,-0.00253344901045,-0.00759148919414,0.00239339634724
562228000000,585,562228000000,base_link,0.00188320921734,0.000457073008874,-0.0056149289012,-0.0057299013424,-0.00932100612192,-0.0013386472271
562264000000,586,562264000000,base_link,0.00196470809169,0.000866701127961,-0.00615831743926,0.00444707221693,-0.0045705180807,-0.00733771262253
562296000000,587,562295000000,base_link,0.00152804399841,0.00130546430591,-0.00573141733184,0.000921062556028,-0.00685940675387,-0.00520594027941
562328000000,588,562328000000,base_link,0.00152525631711,0.00157151010353,-0.00705261202529,-0.00135871462551,-0.00552075270285,0.000927026914241
562364000000,589,562364000000,base_link,0.00155443069525,0.00248436676338,-0.00689274305478,0.00290133620954,-0.00337609806262,-0.00521449116682
562396000000,590,562396000000,base_link,0.00140650034882,0.00297115161084,-0.00706736557186,0.00186835203599,-0.00877647247587,-0.000222660209322
562428000000,591,562428000000,base_link,0.000975047238171,0.003148782067,-0.00708362273872,-0.000230553233579,-0.00578112990722,-0.00160703781737
562464000000,592,562464000000,base_link,0.00106415501796,0.00395513651893,-0.00695901596919,-4.80494268788e-05,-0.00530695035314,-0.000769256875586
562496000000,593,562496000000,base_link,0.002032244578,0.00448693614453,-0.00516560813412,0.00223164535701,-0.00244293606669,0.00729327236586
562528000000,594,562528000000,base_link,0.00209101173095,0.00500060245395,-0.00508574349806,-0.000788214368246,-0.00627747886935,0.00179410857458
562564000000,595,562564000000,base_link,0.00206167250872,0.00569638004526,-0.00502335792407,0.000828453501064,-0.00457770246935,-0.0029823366001
562596000000,596,562596000000,base_link,0.00154541851953,0.006150664296,-0.00554257957265,-0.00333377551061,-0.00452985703046,0.00146156787378
562628000000,597,562628000000,base_link,0.000633081304841,0.00643481360748,-0.00682985130697,0.00414887783654,-0.000463420145395,-0.00053897007553
562664000000,598,562664000000,base_link,0.00116878235713,0.00624309806153,-0.00710076233372,-0.000263507695704,-0.00524877457855,0.000627760374784
562696000000,599,562696000000,base_link,0.00273256003857,0.00732227554545,-0.00791469588876,0.00732491082936,-0.0065012381136,0.00362412283453
562728000000,600,562728000000,base_link,0.00314409076236,0.00718527240679,-0.0080893645063,0.00291223531068,-0.00648370481567,-0.000335884323999
562764000000,601,562764000000,base_link,0.00396487908438,0.00735461711884,-0.00814781803638,0.00275015646005,-0.00566581061633,0.00772294993697
562796000000,602,562796000000,base_link,0.00371788837947,0.00851490907371,-0.00786262843758,0.00525095225552,-0.00206369259511,-0.00469669837703
562828000000,603,562828000000,base_link,0.00371054233983,0.00903924554586,-0.00850367918611,0.00748530577205,0.000948280892447,-0.00335950643162
562864000000,604,562864000000,base_link,0.00286847678944,0.0106542324647,-0.00890979915857,0.00114807884889,-0.00163423620618,-0.00145285082747
562896000000,605,562896000000,base_link,0.00406111311167,0.0107517307624,-0.00964541267604,0.00186123626108,-0.00126835499191,0.0028122332704
562928000000,606,562928000000,base_link,0.00460981531069,0.0107510015368,-0.00980143435299,-0.000620444941867,-0.00900044839749,-0.00232410940666
562964000000,607,562964000000,base_link,0.00472337286919,0.0120951924473,-0.009063269943,0.0018139166739,0.00216722082466,0.00122743616091
562996000000,608,562996000000,base_link,0.00523207616061,0.0125652039424,-0.00942391064018,-0.00286527715035,-0.000423851760505,0.00324065622811
563028000000,609,563028000000,base_link,0.00493167992681,0.0127454828471,-0.00938548706472,0.000376035988285,0.000980524452046,0.00247456033477
563064000000,610,563064000000,base_link,0.00552706606686,0.0130365500227,-0.00934987701476,-0.00823469490345,-0.000302164501165,-0.00324105709543
563096000000,611,563096000000,base_link,0.00569006614387,0.0130463438109,-0.0092377346009,0.00326742576946,-0.00841138668447,0.00374614350609
563128000000,612,563128000000,base_link,0.00657272245735,0.0130026116967,-0.00887175835669,-0.0035781133869,-0.00228141158114,0.000127812310371
563164000000,613,563164000000,base_link,0.00728858448565,0.0128982141614,-0.0078540481627,0.00162624458913,-0.00515973662133,-0.000778415832405
563196000000,614,563196000000,base_link,0.0084115350619,0.012809118256,-0.00810711737722,0.00196587609322,0.00497788798291,-0.00108682391308
563228000000,615,563228000000,base_link,0.00867942161858,0.0129890134558,-0.00689733494073,0.00024196230684,-0.00816440752281,-0.00232312858133
563264000000,616,563264000000,base_link,0.00887512695044,0.0130122359842,-0.00582945812494,0.00261142577156,-0.00314413674345,-0.000808765880216
563296000000,617,563296000000,base_link,0.00953189190477,0.0129473935813,-0.00615607760847,0.00738526685992,-0.0048677065701,-0.00818607701145
563328000000,618,563328000000,base_link,0.0102684414014,0.0131021281704,-0.00734853185713,-0.00640821320328,-0.00545536814575,-0.0013374144372
563364000000,619,563364000000,base_link,0.0108816241845,0.0139173138887,-0.00710856309161,-0.000597071638612,-0.00386027755647,0.00621110830329
563396000000,620,563396000000,base_link,0.0111511889845,0.0145194074139,-0.0083114746958,0.00280233951082,-0.00154771639497,-0.00123686592679
563428000000,621,563428000000,base_link,0.0113188270479,0.0147923352197,-0.00772625813261,-0.00526545959182,-0.00927879544623,0.0033491654157
563464000000,622,563464000000,base_link,0.0108573343605,0.0159642640501,-0.00739016383886,0.00102948895232,-0.00601705589694,-0.00298661941722
563496000000,623,563496000000,base_link,0.0110946176574,0.0154106672853,-0.00666080508381,0.0018572885406,-0.00163867926769,1.18882079878e-05
563528000000,624,563528000000,base_link,0.0109603721648,0.0154031440616,-0.00503253005445,-0.00162727765581,-0.00791259976448,0.00244151798147
563564000000,625,563564000000,base_link,0.0110110584646,0.0168318115175,-0.0052689271979,0.00570931534144,-0.00242778389342,0.00244747830914
563596000000,626,563596000000,base_link,0.0106438091025,0.0172311961651,-0.00502011599019,-0.000683971400388,-0.00506697811226,-0.00508723949438
563628000000,627,563627000000,base_link,0.0110552981496,0.017887795344,-0.00496335932985,-0.00390752615047,-0.0140269705291,0.00546910714383
563664000000,628,563664000000,base_link,0.0106303310022,0.0180927924812,-0.0044808681123,-0.000213101891976,-0.00621218209577,0.00102317597225
563696000000,629,563696000000,base_link,0.0109211849049,0.0182645283639,-0.00382771342993,-0.00149192479859,-0.00642229547235,0.00358419880643
563728000000,630,563728000000,base_link,0.0110223041847,0.0191399585456,-0.00312215602025,0.000398263400329,-0.0114596820859,0.00102297214562
563764000000,631,563764000000,base_link,0.0117969959974,0.0195442065597,-0.00265770708211,-0.000818126762497,-0.00737301074094,0.00410391917843
563796000000,632,563796000000,base_link,0.0112942783162,0.0201734062284,-0.00372877600603,0.000590084938789,-0.00257505937702,0.00324292414028
563828000000,633,563828000000,base_link,0.0116335470229,0.0207674019039,-0.0028652716428,-4.1503136668e-05,-0.00163809020249,-0.00217534555487
563864000000,634,563864000000,base_link,0.0101100094616,0.0213699229062,-0.00210359925404,-0.000862397096882,-0.00271161751172,0.007276760417
563896000000,635,563896000000,base_link,0.00916788354516,0.0209284238517,-0.00176343764178,-2.05797414263e-05,-0.00572270722577,-0.00313753452905
563928000000,636,563927000000,base_link,0.00841486081481,0.0221198052168,-0.00160791771486,0.00354940354085,-0.00574900204881,-0.00260836283964
563964000000,637,563964000000,base_link,0.00740954000503,0.0221667382866,-0.000925771484617,-3.64061095293e-05,-0.0115060934034,-0.0034084221612
563996000000,638,563996000000,base_link,0.00752962101251,0.0217438675463,-0.000210255442653,-0.000852635293314,-0.00472144367096,0.00409246474199
564028000000,639,564028000000,base_link,0.00730687286705,0.0225344672799,0.000260942935711,0.00534947155942,-0.00497915188746,-0.00856774996341
564064000000,640,564064000000,base_link,0.0068231318146,0.0222246870399,0.00141288712621,0.00339610736571,-0.00447618452193,0.00297563777842
564096000000,641,564096000000,base_link,0.00577495107427,0.0227138884366,0.00151165446732,0.00150101728434,-0.010724284393,0.000806204864358
564128000000,642,564128000000,base_link,0.0055251698941,0.0241750311106,0.0011060575489,0.000676511866683,-0.00616204397188,-0.000491735779077
564164000000,643,564164000000,base_link,0.00503381015733,0.0236678645015,0.00134524307214,0.00365410796987,-0.00783508703114,-0.00106677029387
564196000000,644,564196000000,base_link,0.00460325274616,0.0239381827414,0.0010871021077,0.00369919341253,5.08390116597e-05,0.00122828377083
564228000000,645,564228000000,base_link,0.00469211069867,0.0258078370243,0.00100040168036,0.0043098899762,-0.00287293656632,0.00385237981484
564264000000,646,564264000000,base_link,0.00429295469075,0.0268174614757,0.00224022543989,0.00334550548169,-0.00891377027898,-0.00413987687669
564296000000,647,564296000000,base_link,0.00373966200277,0.0277849044651,0.00301898899488,-0.00168376678142,-0.00463641453008,0.000180328861848
564328000000,648,564328000000,base_link,0.00341808539815,0.0274719409645,0.00244625634514,-9.36232589103e-05,-0.00682826280694,0.000718187489792
564364000000,649,564364000000,base_link,0.00307279475965,0.0273392945528,0.00291768438183,-0.00170405627644,-0.00833588854501,0.00366187595279
564396000000,650,564396000000,base_link,0.00395161472261,0.027747226879,0.00451414147392,0.0043456772716,-0.0068494060042,0.00124481439042
564428000000,651,564428000000,base_link,0.0045887012966,0.0279089789838,0.00535311922431,0.0024125029262,0.00312669669684,0.00507947197365
564464000000,652,564464000000,base_link,0.00521239778027,0.0295420140028,0.0054639633745,0.000366886140954,-0.00254767634752,0.00254505711249
564496000000,653,564496000000,base_link,0.00513905426487,0.0303921028972,0.00600220030174,0.00117580684409,-0.00882873049145,0.0014632685714
564528000000,654,564528000000,base_link,0.00573098659515,0.0303300619125,0.00719727575779,0.00302429307674,-0.00189365130071,0.00376338064676
564564000000,655,564564000000,base_link,0.00679788039997,0.0300615690649,0.00726890563965,0.00137853224531,-0.00506151678212,-0.00330227292472
564595000000,656,564596000000,base_link,0.00688940566033,0.030410926789,0.00766804208979,0.00492169347172,-0.00433217606636,0.00351041649845
564628000000,657,564628000000,base_link,0.00568058528006,0.0307616461068,0.00802926719189,0.00534491615603,-0.0073615715953,-0.00115569252918
564664000000,658,564664000000,base_link,0.00529216229916,0.0316342301667,0.00886525027454,-0.00227722965589,-0.00157091075261,0.00311537953009
564696000000,659,564696000000,base_link,0.0063481614925,0.0327166207135,0.00838835071772,0.00520365588007,-0.00825189295998,-0.00277899551231
564728000000,660,564728000000,base_link,0.00660839444026,0.0323770940304,0.00831290893257,0.00477360080855,-0.00263686388781,0.00321074665131
564764000000,661,564764000000,base_link,0.00611216621473,0.0335500501096,0.00981940329075,-0.00271139481816,-0.00292429647994,-0.00159205101345
564796000000,662,564796000000,base_link,0.00665834639221,0.0329899229109,0.00897906720638,-0.0016258669789,-0.00664097096982,-0.00338270338053
564828000000,663,564828000000,base_link,0.00651124538854,0.0331568755209,0.00909991934896,-0.000377235707524,-0.00542856179997,0.000484535650102
564864000000,664,564864000000,base_link,0.00558733986691,0.0335299223661,0.00937807001173,-0.000200270478436,-0.00347812722687,-0.00326055095965
564896000000,665,564896000000,base_link,0.00527048297226,0.0341316759586,0.00966014061123,0.0071758665924,-0.00156055595275,0.00465598709879
564928000000,666,564928000000,base_link,0.00487098190933,0.0344647690654,0.00959956552833,0.00194841252994,-0.00827895737317,-0.00561862088793
564964000000,667,564964000000,base_link,0.00554412649944,0.0338809415698,0.00924472603947,-0.00354577685305,-0.00611973777617,-0.000716023287252
564996000000,668,564996000000,base_link,0.00541889993474,0.0337582603097,0.00836854800582,0.000195145381615,-0.0071377075629,-0.00152124666128
565028000000,669,565028000000,base_link,0.00585548439994,0.032685149461,0.00732107181102,-0.00321699210048,-0.00720186682315,0.00205241200331
565064000000,670,565064000000,base_link,0.0050536012277,0.0325351320207,0.00720382947475,-0.000723910544626,-0.00588393764276,-0.00167069901086
565096000000,671,565096000000,base_link,0.0038960785605,0.0331076234579,0.00707450462505,-0.00153617424182,-0.0107166822746,0.000811915780555
565128000000,672,565128000000,base_link,0.00290586845949,0.0332913771272,0.00642192922533,0.00281372162787,-0.00409343363518,0.00250223213635
565164000000,673,565164000000,base_link,0.00248896935955,0.032912697643,0.00573102012277,-0.00181731829007,-0.00731398630012,8.66664682188e-05
565196000000,674,565196000000,base_link,0.0022975069005,0.031660169363,0.00509834615514,0.00777682037937,-0.00473143330724,-0.00443386749975
565228000000,675,565228000000,base_link,0.00146063382272,0.0309694632888,0.00465251225978,0.00455756142442,-0.00537377190377,0.0014991980506
565264000000,676,565264000000,base_link,0.00158314115833,0.028848208487,0.00553655950353,0.000508021364022,-0.00796143519068,0.000623915381602
565296000000,677,565296000000,base_link,-0.00255010323599,0.0244769826531,0.0389104783535,0.0178831814577,-0.0819463260886,-0.00503479617123
565327000000,678,565327000000,base_link,-0.00441838754341,0.0215004198253,0.125360846519,0.0797962217813,-0.159540682889,-0.0033032379812
565364000000,679,565364000000,base_link,-0.00662758154795,0.0196365248412,0.255710572004,0.209018973027,-0.311189297853,9.01021716152e-06
565396000000,680,565396000000,base_link,-0.0115977087989,0.0147545458749,0.402281612158,0.141585786652,-0.23657934073,0.00712949829513
565428000000,681,565428000000,base_link,-0.0216349884868,0.00652454653755,0.541554927826,0.110760683687,-0.208843231668,0.00229346448166
565464000000,682,565464000000,base_link,-0.0361162722111,-0.00477164750919,0.698642909527,0.0654359016375,-0.129682345284,0.000444559575428
565496000000,683,565496000000,base_link,-0.050002142787,-0.0132558234036,0.814363181591,-0.00408582624183,-0.0341103385693,-0.00166008423823
565528000000,684,565528000000,base_link,-0.0638732612133,-0.0218991301954,0.929175436497,-0.026376968802,0.00413308622412,0.00461012971036
565563000000,685,565564000000,base_link,-0.0774224698544,-0.0298778507859,1.04808318615,-0.0635126154789,0.0769476807191,-0.0058206746581
565596000000,686,565596000000,base_link,-0.0900272354484,-0.0364506170154,1.1707597971,-0.086462212779,0.116404213528,-0.00243654783659
565628000000,687,565628000000,base_link,-0.100498840213,-0.0430123656988,1.29649400711,-0.0996628689698,0.140527666997,0.00508847559196
565664000000,688,565664000000,base_link,-0.111851736903,-0.047414239496,1.45218729973,-0.0937897778919,0.151558718659,-0.00298867857473
565696000000,689,565696000000,base_link,-0.11715272814,-0.049551948905,1.57553458214,-0.0875625449291,0.157768582907,-0.000896876983918
565728000000,690,565728000000,base_link,-0.1213388592,-0.0509846098721,1.69916808605,-0.0765534630741,0.150975287572,0.00116679256707
565764000000,691,565764000000,base_link,-0.123548232019,-0.0505111180246,1.82040596008,-0.0690721464,0.129874440916,-0.00110823798007
565796000000,692,565796000000,base_link,-0.123156458139,-0.0497868731618,1.93175876141,-0.0446856572988,0.0993771374889,0.00354500225869
565828000000,693,565828000000,base_link,-0.123999238014,-0.0500283353031,1.98412775993,-0.0457625580455,0.0930772149567,0.00156631468041
565864000000,694,565864000000,base_link,-0.125960081816,-0.0504557788372,1.94544708729,-0.0320056432379,0.0589971698635,0.00389246951394
565896000000,695,565896000000,base_link,-0.127925723791,-0.0527925640345,1.86258041859,-0.0250009010315,0.039652154579,-0.00639943394189
565928000000,696,565928000000,base_link,-0.130030140281,-0.0556138493121,1.76113343239,-0.0345388894299,0.0335352276063,0.000372139701068
565964000000,697,565964000000,base_link,-0.132315382361,-0.0570845343173,1.64765548706,-0.0493735153198,0.0451228562349,0.00109729051814
565996000000,698,565996000000,base_link,-0.132770195603,-0.057178709656,1.59051656723,-0.0465681820524,0.0560250671623,0.00151377117035
566028000000,699,566028000000,base_link,-0.131768301129,-0.0571405738592,1.52295482159,-0.0642294245458,0.074046885369,0.00241160089125
566064000000,700,566064000000,base_link,-0.128133445978,-0.0568927042186,1.44806039333,-0.0559155309765,0.0662315390889,-0.00339341912276
566096000000,701,566096000000,base_link,-0.124776959419,-0.0560539923608,1.39060747623,-0.0267392320876,0.0312974307609,0.00564570512344
566128000000,702,566128000000,base_link,-0.120111465454,-0.0539691112936,1.33843016624,-0.0244036401354,0.0123589743442,0.00293387762323
566164000000,703,566164000000,base_link,-0.115700051188,-0.0512047633529,1.28904259205,-0.00118655253089,-0.0191079086564,0.00348488774823
566196000000,704,566196000000,base_link,-0.110778622329,-0.0486758202314,1.24110329151,0.00756090983034,-0.0402326626257,0.00259300385585
566228000000,705,566228000000,base_link,-0.105942316353,-0.0468031018972,1.19330465794,0.0133931831479,-0.0404947199466,-0.00373475261566
566264000000,706,566264000000,base_link,-0.100400693715,-0.0451144836843,1.14003288746,0.0123549625667,-0.0502299348784,0.00316935038448
566296000000,707,566296000000,base_link,-0.096425101161,-0.0426532588899,1.10189294815,0.00765581508147,-0.0459862012047,0.00324934867245
566328000000,708,566328000000,base_link,-0.0933725982904,-0.0393589623272,1.06537437439,0.00399000617486,-0.0511113973023,0.0049245027714
566364000000,709,566364000000,base_link,-0.089528337121,-0.0380844995379,1.02878296375,0.00291509389729,-0.0450871407084,0.00170245953595
566396000000,710,566396000000,base_link,-0.08681140095,-0.0357752516866,0.995146989822,0.00799396133109,-0.0369389297575,0.0108408441049
566428000000,711,566428000000,base_link,-0.0829159915447,-0.0328794531524,0.966905236244,0.00653131268244,-0.0340385217426,0.00249354153404
566464000000,712,566464000000,base_link,-0.0800971835852,-0.0304080061615,0.933120012283,0.00604508050495,-0.0313773171212,-0.00109518098368
566496000000,713,566496000000,base_link,-0.0776485651731,-0.0267723314464,0.908388137817,0.00570787527633,-0.0270944243739,0.00183992583216
566528000000,714,566528000000,base_link,-0.0753268674016,-0.0237775724381,0.884104371071,0.00958359292223,-0.0202365957954,0.00178309687733
566564000000,715,566564000000,base_link,-0.0738562121987,-0.0216285716742,0.859409928322,0.011807058769,-0.0193725198934,0.00161722398381
566596000000,716,566596000000,base_link,-0.0728719457984,-0.0193788092583,0.835966825485,0.0125505443346,-0.0109644616316,0.000631376251773
566628000000,717,566628000000,base_link,-0.0718207508326,-0.0176117438823,0.814124464989,0.0116860468882,-0.00647400521665,0.000365222836677
566664000000,718,566664000000,base_link,-0.0715989246964,-0.0145173389465,0.787570774555,0.0118633438125,0.000168683410545,-0.0032893245277
566696000000,719,566696000000,base_link,-0.0708321407437,-0.0127657046542,0.767729282379,0.00828775604512,0.00647714093078,0.0033689135279
566728000000,720,566728000000,base_link,-0.0695360824466,-0.00997028592974,0.748828828335,0.0105253450299,0.006165261874,0.00162446016804
566764000000,721,566764000000,base_link,-0.0677825286984,-0.00872226525098,0.729701578617,0.0158143458235,0.00106704228369,-0.00137092586184
566796000000,722,566796000000,base_link,-0.0661622285843,-0.00632327795029,0.7107655406,0.00981329455424,0.00755100073465,-0.000604553892456
566828000000,723,566828000000,base_link,-0.064969651401,-0.00473807845265,0.692105412483,0.00920241485395,0.0120692524042,0.00258090753389
566864000000,724,566864000000,base_link,-0.06420070678,-0.00299509684555,0.668748617172,0.0120927759225,0.00492619323249,-0.000322467956708
566896000000,725,566896000000,base_link,-0.063059002161,-0.00139150233008,0.652472138405,0.0137783187135,0.0043690947893,-0.00106717124804
566928000000,726,566928000000,base_link,-0.0615859888494,0.000518433924299,0.637239336967,0.0110105778678,0.00457871992221,0.00287207381336
566964000000,727,566964000000,base_link,-0.0610332712531,0.00102529453579,0.621403992176,0.0176503838323,0.00385677156371,-0.00204155598128
566996000000,728,566996000000,base_link,-0.0579930283129,0.00227026664652,0.6057716012,0.014138315326,0.00961730807277,-0.0001174106466
567028000000,729,567028000000,base_link,-0.0553035847843,0.00374956405722,0.590583741665,0.00995088740336,0.0080638299112,-0.000346534901236
567064000000,730,567064000000,base_link,-0.0532204210758,0.00493666948751,0.572512865067,0.0105398758686,-0.00718894317608,-0.00274576822267
567096000000,731,567096000000,base_link,-0.0507041625679,0.00551264407113,0.558998525143,0.0140134488074,-0.0028583503866,0.0029372552634
567128000000,732,567128000000,base_link,-0.0474480949342,0.0063264737837,0.545543313026,0.0115325666805,-0.00869483139264,0.00458759194941
567164000000,733,567164000000,base_link,-0.0449221096933,0.00675411010161,0.531413376331,0.0166583859858,-0.0079908569553,-0.00229372601748
567196000000,734,567196000000,base_link,-0.041120890528,0.00667431997135,0.517634868622,0.0124673409813,-0.0123546710961,0.00156301062282
567228000000,735,567228000000,base_link,-0.0384392589331,0.00782217551023,0.50519323349,0.0059980079282,-0.0153349886808,-0.0014888616057
567264000000,736,567264000000,base_link,-0.0350224971771,0.00851158704609,0.489999681711,0.0034309094533,-0.0190302411871,-0.00353173216333
567296000000,737,567296000000,base_link,-0.0306354872882,0.00764796277508,0.477547168732,0.00865841307049,-0.0265756171121,0.000931575741477
567328000000,738,567328000000,base_link,-0.0282816700637,0.00856897421181,0.466434776783,0.00819701052032,-0.035323431139,0.00236377983781
567364000000,739,567364000000,base_link,-0.0257494263351,0.00885135028511,0.455436706543,0.00283768936215,-0.0292692371383,0.00224080066115
567396000000,740,567396000000,base_link,-0.0231908019632,0.00941723305732,0.443553566933,0.0142317052631,-0.0273948838504,-0.00291955118546
567428000000,741,567428000000,base_link,-0.0207667909563,0.0096172792837,0.422166287899,0.0117671822094,-0.0269070887345,-0.00302219720583
567464000000,742,567464000000,base_link,-0.0220209080726,0.00775942392647,0.259016662836,0.0912569916585,-0.00140510253998,0.0111509072204
567496000000,743,567496000000,base_link,-0.0235717389733,0.00514407362789,0.114493377507,0.181756845224,0.190308983025,0.0371253571239
567528000000,744,567528000000,base_link,-0.0230134725571,0.00133937841747,0.0226643793285,0.186087395102,0.313996450839,0.0581959479031
567564000000,745,567564000000,base_link,-0.0143852960318,-0.00422308640555,-0.00860302150249,0.166300932775,0.562045237403,0.0889198936679
567596000000,746,567596000000,base_link,0.00128581246827,-0.00993803609163,0.00231401016936,0.103262834482,0.711667354233,0.11727715471
567628000000,747,567628000000,base_link,0.0263734105974,-0.0177360605448,0.0264498684555,0.0800384106949,0.737895531298,0.135603771897
567664000000,748,567664000000,base_link,0.0679856538773,-0.026398723945,0.0525694787502,-0.0149137408716,0.782135388682,0.151758152628
567696000000,749,567696000000,base_link,0.110039688647,-0.0323168300092,0.0600652880967,-0.16375178342,0.719439753994,0.148385330536
567727000000,750,567727000000,base_link,0.158323630691,-0.0359737947583,0.0561368055642,-0.134485667608,0.688944890255,0.124571449661
567764000000,751,567764000000,base_link,0.213965192437,-0.039546392858,0.0516875945032,-0.0782073327829,0.651264551933,0.0902225477094
567796000000,752,567796000000,base_link,0.276574850082,-0.0415511354804,0.0467864125967,-0.192788607997,0.530253224405,0.10570130273
567828000000,753,567828000000,base_link,0.36512196064,-0.0419911853969,0.0374691784382,-0.280441388383,0.482482833754,0.120282844426
567864000000,754,567864000000,base_link,0.442248165607,-0.0359761118889,0.0370930097997,-0.368984681868,0.398545800885,0.138354376047
567896000000,755,567896000000,base_link,0.520701289177,-0.0272864252329,0.0279962290078,-0.295360383493,0.273048243639,0.114371350533
567927000000,756,567927000000,base_link,0.598652780056,-0.017794424668,0.00251636537723,-0.259853342087,0.257953265716,0.102188454262
567964000000,757,567964000000,base_link,0.681958138943,-0.00456556165591,-0.0191720630974,-0.172151208214,0.212902695375,0.0807776658435
567996000000,758,567996000000,base_link,0.76741963625,0.0102138137445,-0.0365488640964,-0.0446517286173,0.182217984703,0.0381610629962
568028000000,759,568028000000,base_link,0.852711200714,0.0261674132198,-0.0610999539495,-0.0152625915946,0.160313743433,0.0295940534614
568064000000,760,568064000000,base_link,0.965318739414,0.0470450669527,-0.0765886157751,-0.0884620664921,0.102804091441,0.0538990192142
568096000000,761,568096000000,base_link,1.0551378727,0.066313020885,-0.0836733952165,-0.202670923036,0.136346330765,0.0772399793328
568128000000,762,568128000000,base_link,1.14622116089,0.0869167894125,-0.0921721458435,-0.208165327754,0.126174240293,0.0826230722811
568164000000,763,568164000000,base_link,1.23858737946,0.110494330525,-0.0973018482327,-0.113861059831,0.0743724433665,0.0518304024503
568196000000,764,568196000000,base_link,1.32924973965,0.134482756257,-0.100584678352,0.00531632348036,0.0452069233314,0.0101187778065
568228000000,765,568228000000,base_link,1.41805493832,0.158159703016,-0.106416299939,0.050602158312,0.0107360583883,0.00385286008529
568264000000,766,568264000000,base_link,1.5305314064,0.187424585223,-0.109342090786,0.145346545823,0.0630440590594,-0.0336736792057
568296000000,767,568296000000,base_link,1.61676776409,0.208226010203,-0.111520901322,0.217333706796,0.0855455364526,-0.0634341485285
568328000000,768,568328000000,base_link,1.70279014111,0.225534945726,-0.116831354797,0.21654863265,0.0666921488468,-0.0608602185682
568364000000,769,568364000000,base_link,1.78999626637,0.242980897427,-0.119571939111,0.215905696788,0.126700985302,-0.0783221724788
568396000000,770,568396000000,base_link,1.87746191025,0.257243126631,-0.119874827564,0.205172554085,0.12280177878,-0.0844815514433
568428000000,771,568428000000,base_link,1.96687173843,0.267551392317,-0.121262274683,0.186415450619,0.116449950816,-0.0758627459866
568464000000,772,568464000000,base_link,2.07815766335,0.278949052095,-0.124033227563,0.149448311128,0.116137869742,-0.0720655805648
568496000000,773,568496000000,base_link,2.16740274429,0.285509973764,-0.125116378069,-0.0431298359296,0.0716672490459,-0.0108419149237
568528000000,774,568528000000,base_link,2.25957489014,0.294622719288,-0.122283414006,-0.206772485087,0.0999986454983,0.0524968676382
568564000000,775,568564000000,base_link,2.35127592087,0.306876093149,-0.121287360787,-0.427443370779,0.104950882688,0.132089290418
568596000000,776,568596000000,base_link,2.44160795212,0.323953330517,-0.119694642723,-0.550224827721,0.0780416705749,0.181341150205
568628000000,777,568628000000,base_link,2.55548644066,0.353517621756,-0.121553778648,-0.595722527497,0.073494506299,0.202022460116
568664000000,778,568664000000,base_link,2.64482951164,0.385620623827,-0.118194617331,-0.596435315601,0.0335423073673,0.221757386328
568696000000,779,568696000000,base_link,2.73208355904,0.424396753311,-0.114961095154,-0.629588976517,0.0926885974563,0.247526093141
568728000000,780,568728000000,base_link,2.82174563408,0.469277590513,-0.116254851222,-0.571332061252,0.0958951554365,0.23385030985
568764000000,781,568764000000,base_link,2.9119951725,0.518266797066,-0.11830651015,-0.311495006053,0.0853044743336,0.160177564659
568796000000,782,568796000000,base_link,3.00101971626,0.569589436054,-0.123124167323,0.0119089883242,0.0777533252866,0.0486141495914
568828000000,783,568828000000,base_link,3.08725214005,0.61830753088,-0.135447889566,0.125014327582,0.0525475426379,0.0124984131497
568864000000,784,568864000000,base_link,3.19730901718,0.67608076334,-0.1456823349,0.405718267404,0.0966179183938,-0.11294109858
568896000000,785,568896000000,base_link,3.28684592247,0.715373873711,-0.150740653276,0.656944860456,0.116663625203,-0.227248320625
568927000000,786,568927000000,base_link,3.37666296959,0.74619948864,-0.155864536762,0.757306148189,0.0964142037137,-0.275421168733
568964000000,787,568964000000,base_link,3.46733307838,0.768469691277,-0.156870111823,0.955612765672,0.145820287906,-0.38837250394
568996000000,788,568996000000,base_link,3.55928468704,0.779071092606,-0.154673159122,0.984465020237,0.120766726186,-0.425984807148
569028000000,789,569028000000,base_link,3.64961004257,0.779061198235,-0.158667221665,0.948836384371,0.086321187237,-0.430097551358
569064000000,790,569064000000,base_link,3.75658798218,0.765630722046,-0.179344773293,0.648605013759,0.063158458322,-0.344655954182
569096000000,791,569096000000,base_link,3.84335017204,0.747925341129,-0.195182353258,0.181853537198,0.0322508557326,-0.177345651992
569128000000,792,569128000000,base_link,3.93636894226,0.727339148521,-0.195131361485,-0.0914101345286,0.0752153809615,-0.0734441325239
569164000000,793,569164000000,base_link,4.0302066803,0.711613059044,-0.190395087004,-0.45454428917,0.107061000209,0.0727625989589
569196000000,794,569196000000,base_link,4.12517309189,0.701833426952,-0.187666594982,-0.73090641478,0.09070706554,0.21255030047
569227000000,795,569227000000,base_link,4.22010755539,0.699073016644,-0.185081318021,-0.793564971475,0.07597336767,0.250462759256
569264000000,796,569264000000,base_link,4.33974695206,0.709302604198,-0.169170051813,-0.822967169885,0.0266895104882,0.300703485846
569296000000,797,569296000000,base_link,4.43614292145,0.728761017323,-0.152475297451,-0.679826097646,0.0506576299761,0.288672352111
569328000000,798,569328000000,base_link,4.52693748474,0.753614902496,-0.147652715445,-0.559488077313,0.048951577142,0.254937210265
569364000000,799,569364000000,base_link,4.61079072952,0.782790362835,-0.153022557497,-0.26231981326,0.0199136148325,0.168286130794
569396000000,800,569396000000,base_link,4.69121789932,0.812206149101,-0.165283203125,0.0867031649795,0.0217683110483,0.0360846949679
569428000000,801,569428000000,base_link,4.76682806015,0.839896261692,-0.188234061003,0.211495277394,0.0229954159737,-0.0105337313884
569464000000,802,569464000000,base_link,4.86501455307,0.87012976408,-0.201639741659,0.593083282822,0.133412837023,-0.194294995618
569496000000,803,569496000000,base_link,4.94875383377,0.886627733707,-0.201868876815,0.790706948868,0.192207086431,-0.311520144015
569528000000,804,569528000000,base_link,5.0353603363,0.893624901772,-0.198087528348,0.824389657618,0.182970360452,-0.339914427343
569564000000,805,569564000000,base_link,5.12343025208,0.890239179134,-0.191987738013,0.932519992718,0.219093695243,-0.435103658068
569596000000,806,569596000000,base_link,5.21114349365,0.876599907875,-0.189033940434,0.8769165498,0.178215257495,-0.455919172497
569628000000,807,569628000000,base_link,5.30084848404,0.851351201534,-0.188646048307,0.825338646901,0.163250704682,-0.447272970699
569664000000,808,569664000000,base_link,5.41167020798,0.807154655457,-0.195929959416,0.709805403533,0.124047825062,-0.442548538415
569696000000,809,569696000000,base_link,5.49298334122,0.764777958393,-0.213303014636,0.33828018552,0.0853563250007,-0.290732542082
569728000000,810,569728000000,base_link,5.57956171036,0.718089044094,-0.225958541036,0.0518087107403,0.0977542589809,-0.160362488774
569764000000,811,569764000000,base_link,5.67082643509,0.672217667103,-0.231010332704,-0.383896520838,0.133251958091,0.0440295074533
569796000000,812,569796000000,base_link,5.76478052139,0.631368994713,-0.232610702515,-0.750743817589,0.142732847219,0.243741195882
569828000000,813,569828000000,base_link,5.88601970673,0.594113886356,-0.230299308896,-0.859858410726,0.128924239077,0.314218696378
569864000000,814,569864000000,base_link,5.98878955841,0.575090527534,-0.215051561594,-0.967899339946,0.0832469511846,0.408494776663
569896000000,815,569896000000,base_link,6.09512138367,0.569100797176,-0.191905453801,-1.04172876044,0.0896206101025,0.508576579966
569928000000,816,569928000000,base_link,6.19709157944,0.576622545719,-0.17798255384,-1.02410586016,0.0720396843711,0.529020682554
569964000000,817,569964000000,base_link,6.29257822037,0.593616306782,-0.18258677423,-0.787578095274,-0.0785195461998,0.480581925221
569996000000,818,569996000000,base_link,6.37707901001,0.618631780148,-0.203064769506,-0.360606194404,-0.36516487428,0.351424016262
570028000000,819,570028000000,base_link,6.449842453,0.644562721252,-0.238932073116,-0.139339183032,-0.514494546505,0.279880600402
570064000000,820,570064000000,base_link,6.52447414398,0.675539731979,-0.291827589273,0.340809948112,-0.722679034099,0.0985547904984
570096000000,821,570096000000,base_link,6.57809782028,0.696949601173,-0.320665329695,0.684898761592,-0.64696674695,-0.0706289911063
570128000000,822,570128000000,base_link,6.63174772263,0.712967813015,-0.324930280447,0.793449885776,-0.536491488884,-0.139388247716
570164000000,823,570164000000,base_link,6.68406486511,0.720893085003,-0.309194117785,0.984649044807,-0.180414597771,-0.28106425239
570196000000,824,570196000000,base_link,6.72962427139,0.716568946838,-0.294662982225,1.00022957659,0.0344714177305,-0.359613178838
570228000000,825,570228000000,base_link,6.77339553833,0.70154696703,-0.29019421339,0.95548221728,0.0485952768912,-0.368991837296
570264000000,826,570264000000,base_link,6.82529783249,0.669834911823,-0.299925327301,0.645920107207,-0.0258647207749,-0.309169149341
570296000000,827,570296000000,base_link,6.8597946167,0.638110876083,-0.319888919592,0.163723669326,-0.132800325626,-0.177552390481
570328000000,828,570328000000,base_link,6.88993787766,0.606190621853,-0.344997525215,-0.118979121316,-0.207256929448,-0.102116048538
570364000000,829,570364000000,base_link,6.9213757515,0.577323317528,-0.350920379162,-0.524016997619,-0.340159496583,0.0234031522298
570396000000,830,570396000000,base_link,6.96187543869,0.551832258701,-0.30749219656,-0.486677089471,-0.240166408025,0.0578119707239
570428000000,831,570428000000,base_link,6.99624633789,0.530649721622,-0.263618767262,-0.370686441017,-0.166321118161,0.0408339283026
570464000000,832,570464000000,base_link,7.02676105499,0.511609792709,-0.236622393131,-0.134448883982,-0.149163514909,0.0156747330165
570496000000,833,570496000000,base_link,7.04476308823,0.496552377939,-0.233887061477,0.187079655582,-0.247444917648,-0.0494240634243
570528000000,834,570528000000,base_link,7.05655956268,0.479061752558,-0.237953662872,0.3148197612,-0.246924339897,-0.0719429037274
570564000000,835,570564000000,base_link,7.06645154953,0.457766115665,-0.243170976639,0.442965669917,-0.210468075977,-0.11003242651
570596000000,836,570596000000,base_link,7.07319641113,0.432968467474,-0.249447345734,0.41271705029,-0.243026411107,-0.115647232057
570628000000,837,570628000000,base_link,7.07886123657,0.403410226107,-0.24255053699,0.335383561054,-0.205862092348,-0.105219196196
570664000000,838,570664000000,base_link,7.07868385315,0.363522797823,-0.236411273479,0.119738187416,-0.104298185672,-0.0539015552036
570696000000,839,570696000000,base_link,7.07932567596,0.331070005894,-0.23311008513,-0.0615530891799,-0.124930088296,-0.0232463112962
570728000000,840,570728000000,base_link,7.07937812805,0.297991275787,-0.225398823619,-0.118671864328,-0.0725911126516,-0.00833704086582
570764000000,841,570764000000,base_link,7.07838964462,0.267769545317,-0.212079584599,-0.264375703212,-0.0247019468749,0.0337618502458
570796000000,842,570796000000,base_link,7.07886648178,0.240125492215,-0.199137628078,-0.312336455456,0.061040911659,0.0653366022287
570828000000,843,570828000000,base_link,7.07624912262,0.218862116337,-0.190292000771,-0.324881950437,0.0958252262498,0.0693800643497
570864000000,844,570864000000,base_link,7.07248067856,0.19475799799,-0.187174111605,-0.3310365957,0.118263743692,0.086402212542
570896000000,845,570896000000,base_link,7.07173538208,0.180253729224,-0.18599370122,-0.279676658911,0.053461969174,0.0934781202174
570928000000,846,570928000000,base_link,7.07315158844,0.169165492058,-0.181640356779,-0.247897681632,0.0551794604898,0.0898094897492
570964000000,847,570964000000,base_link,7.0779094696,0.159953147173,-0.177386984229,-0.192840812966,0.0886276476909,0.0805921389787
570996000000,848,570996000000,base_link,7.08234643936,0.152649983764,-0.175021544099,-0.135880317997,0.010915449859,0.0663268165904
571028000000,849,571028000000,base_link,7.08666038513,0.145576640964,-0.177123442292,-0.122337090408,0.0121576445244,0.0693629312994
571064000000,850,571064000000,base_link,7.0898938179,0.141643881798,-0.179724812508,-0.0942842023172,0.0254657592811,0.0545232310002
571096000000,851,571096000000,base_link,7.09216976166,0.137899041176,-0.185180082917,-0.059159595924,-0.0378092946178,0.0488349545002
571128000000,852,571128000000,base_link,7.09607696533,0.137265130877,-0.189782813191,-0.0612514527489,-0.0225080699173,0.0491280723615
571164000000,853,571164000000,base_link,7.10126161575,0.136646822095,-0.194063141942,-0.0531455047686,-0.0524283044422,0.0415020525254
571196000000,854,571196000000,base_link,7.1071305275,0.136161655188,-0.195704013109,-0.0575071424817,-0.00215910280062,0.0328291863427
571228000000,855,571228000000,base_link,7.1129026413,0.138046905398,-0.196879446507,-0.0616101337959,0.0129636727796,0.0266667598554
571264000000,856,571264000000,base_link,7.11894416809,0.139919489622,-0.199524402618,-0.0399013101991,0.00484170619551,0.0265075675069
571296000000,857,571296000000,base_link,7.1241979599,0.142119958997,-0.200223490596,-0.0104433696776,-0.104079310713,0.0229985261379
571328000000,858,571328000000,base_link,7.12943649292,0.143903434277,-0.195014461875,-0.00556425911428,-0.0843144822475,0.0193907908196
571364000000,859,571364000000,base_link,7.1325340271,0.149062409997,-0.191013902426,-0.0183498735729,-0.000457043468677,0.0157687301015
571396000000,860,571396000000,base_link,7.13452386856,0.151997536421,-0.190999895334,-0.0146502922619,0.00886511301878,0.0039325387633
571428000000,861,571428000000,base_link,7.13842725754,0.156289607286,-0.190598502755,-0.00105069093921,-0.0334141808444,0.0103454338223
571464000000,862,571464000000,base_link,7.14372205734,0.16130875051,-0.192006781697,-0.0100884865781,-0.0265468317862,0.00862307862141
571496000000,863,571496000000,base_link,7.14791488647,0.164668947458,-0.190754950047,-0.0102835751736,-0.0649143955109,0.0135568161938
571527000000,864,571528000000,base_link,7.15287399292,0.168285146356,-0.187709271908,-0.0122576250345,-0.0405263905637,0.0090861981452
571564000000,865,571564000000,base_link,7.15641641617,0.172355696559,-0.18422678113,-0.0155305910024,0.0056176569044,0.00153547687558
571596000000,866,571596000000,base_link,7.16031646729,0.17811897397,-0.183043807745,-0.0143447769114,-0.0107085237658,0.00532803771962
571628000000,867,571628000000,base_link,7.16393899918,0.184712022543,-0.184831291437,-0.00889154656517,-0.0683546913454,0.00105483799748
571664000000,868,571664000000,base_link,7.16684293747,0.188332810998,-0.182549536228,-0.00604038627745,-0.0764179031062,0.00074805012789
571696000000,869,571696000000,base_link,7.17227363586,0.193139880896,-0.179353401065,-0.00990542792496,0.00011077836318,0.00478899731167
571728000000,870,571728000000,base_link,7.17884159088,0.200306758285,-0.177130132914,-0.015205167012,0.0228913139785,0.0026308930643
571764000000,871,571764000000,base_link,7.18565511703,0.206015393138,-0.17638207972,-0.0117027046187,-0.0437748904284,0.00697255902729
571796000000,872,571796000000,base_link,7.19119739532,0.211643382907,-0.175955757499,-0.0180289600349,-0.0421407995804,0.00156082759158
571828000000,873,571828000000,base_link,7.19741392136,0.217561453581,-0.17670327425,-0.0131416308998,-0.0353118105139,0.00404494392337
571864000000,874,571864000000,base_link,7.2038693428,0.22419975698,-0.176279351115,0.0235535961855,-0.0420070776163,0.000472268512225
571896000000,875,571896000000,base_link,7.2087726593,0.229262575507,-0.174541175365,0.166824791992,-0.139195682679,-0.0282453342595
571928000000,876,571928000000,base_link,7.21320724487,0.23183901608,-0.170126646757,0.248813677167,-0.109897501785,-0.0472340847369
571964000000,877,571964000000,base_link,7.21946239471,0.231484934688,-0.165252104402,0.368367055648,-0.0384494500707,-0.0843238995636
571996000000,878,571996000000,base_link,7.22738742828,0.227195516229,-0.162358045578,0.347606430116,-0.00798548344563,-0.0823816119123
572028000000,879,572028000000,base_link,7.23484992981,0.220132112503,-0.162801757455,0.299289389025,-0.0417616220824,-0.086286652139
572064000000,880,572064000000,base_link,7.23971509933,0.206707000732,-0.163352414966,0.165403887451,-0.0758843266098,-0.0720468157496
572096000000,881,572096000000,base_link,7.2419090271,0.195332124829,-0.164504095912,0.0427058072445,-0.120410574236,-0.0452740323041
572128000000,882,572128000000,base_link,7.24353122711,0.182825475931,-0.163705185056,-0.00187133312334,-0.178799472265,-0.0384095629222
572164000000,883,572164000000,base_link,7.2404923439,0.171411469579,-0.160847172141,-0.073463895253,-0.165094960953,-0.0150981019067
572196000000,884,572196000000,base_link,7.23379468918,0.160254925489,-0.15647521615,-0.269093937767,-0.10473331291,0.0254508671783
572228000000,885,572228000000,base_link,7.2237329483,0.151229679585,-0.148962542415,-0.382389718116,-0.102448998756,0.0436840069151
572264000000,886,572264000000,base_link,7.21663713455,0.150920897722,-0.134987205267,-0.550926809352,-0.0169905040302,0.0983012819034
572296000000,887,572296000000,base_link,7.2101688385,0.157014831901,-0.123841501772,-0.727145695754,0.0775955305309,0.145522297686
572328000000,888,572327000000,base_link,7.20547485352,0.170976683497,-0.114562086761,-0.773360067765,0.0441386555465,0.167535115675
572364000000,889,572364000000,base_link,7.20272731781,0.200647458434,-0.0982363373041,-0.765806461199,0.0881936943942,0.186032150805
572396000000,890,572396000000,base_link,7.20223236084,0.223396852612,-0.0912398099899,-0.697652897151,0.161246072989,0.192188734857
572428000000,891,572428000000,base_link,7.20250511169,0.258208632469,-0.0945971608162,-0.548689112702,0.134442162061,0.17766052249
572464000000,892,572464000000,base_link,7.20302772522,0.306914150715,-0.103550761938,-0.0421811576089,0.121045092643,0.0893955177547
572496000000,893,572496000000,base_link,7.20410919189,0.344179928303,-0.112846799195,0.415989695472,0.134981338556,-0.0245401341873
572528000000,894,572528000000,base_link,7.20624876022,0.376049458981,-0.116947382689,0.581613313333,0.0920491550239,-0.0634404996592
572564000000,895,572564000000,base_link,7.21229124069,0.401906102896,-0.115832753479,0.891998837326,0.053067839434,-0.150812466954
572596000000,896,572596000000,base_link,7.21927690506,0.416914612055,-0.111302681267,1.01735435535,-0.0253345858096,-0.217735857491
572628000000,897,572628000000,base_link,7.22695636749,0.422641098499,-0.103782072663,1.04099462904,-0.00648366676787,-0.244174162125
572664000000,898,572664000000,base_link,7.23608064651,0.412199139595,-0.0944756120443,1.01529939119,0.0511072095375,-0.2782888432
572696000000,899,572696000000,base_link,7.24535369873,0.391729176044,-0.0895811393857,0.912956399077,0.0318674813548,-0.285631429792
572728000000,900,572728000000,base_link,7.25342082977,0.361794352531,-0.0917138755322,0.892904433404,-0.0259385094637,-0.29968481505
572764000000,901,572764000000,base_link,7.25782585144,0.323215454817,-0.0989501029253,0.777250378659,-0.0554809253704,-0.28572794337
572796000000,902,572796000000,base_link,7.26140260696,0.277656883001,-0.102737434208,0.652291645057,-0.0332619524989,-0.257410505558
572827000000,903,572827000000,base_link,7.26223802567,0.225400820374,-0.10194157809,0.589904204107,-0.0100774360104,-0.24491461652
572864000000,904,572864000000,base_link,7.26179265976,0.151237234473,-0.101748630404,0.442900259938,-0.0649063253518,-0.222131310483
572896000000,905,572896000000,base_link,7.26058101654,0.087461322546,-0.105551920831,0.394873378991,-0.0536103860079,-0.20329861209
572928000000,906,572928000000,base_link,7.25969552994,0.021663421765,-0.110061444342,0.356476524986,-0.0179388633535,-0.185793030734
572964000000,907,572964000000,base_link,7.25892925262,-0.0479878485203,-0.112255625427,0.0601770514489,-0.0152474227516,-0.104664805042
572996000000,908,572996000000,base_link,7.25711727142,-0.115451358259,-0.116974189878,-0.375123856949,-0.093830525063,-0.0271888636708
573028000000,909,573028000000,base_link,7.25465011597,-0.182103946805,-0.111682347953,-0.564473595494,-0.0741372397237,0.018354068228
573064000000,910,573064000000,base_link,7.25028562546,-0.25352460146,-0.0988386869431,-0.932203274096,-0.0394420759393,0.13613617756
573096000000,911,573096000000,base_link,7.24704456329,-0.299889713526,-0.0840970501304,-1.13588444685,0.0594160594545,0.225416762128
573128000000,912,573128000000,base_link,7.24803590775,-0.332594782114,-0.0658165812492,-1.19440267863,0.0907765111582,0.265328415321
573164000000,913,573164000000,base_link,7.24735641479,-0.349853724241,-0.073738604784,-1.20415015667,0.109533286796,0.301424659837
573196000000,914,573196000000,base_link,7.24270105362,-0.357018828392,-0.10366589576,-0.886246412437,0.00554705447302,0.281668210532
573228000000,915,573228000000,base_link,7.23928499222,-0.355830699205,-0.130724877119,-0.626383734406,-0.00328642420074,0.242097308065
573264000000,916,573264000000,base_link,7.23485374451,-0.347577363253,-0.149660095572,-0.0998818356027,-0.0642565653095,0.148008303949
573296000000,917,573296000000,base_link,7.23439884186,-0.340387523174,-0.143882527947,0.325005117466,0.0245592933823,0.0537119296722
573328000000,918,573328000000,base_link,7.23836565018,-0.337733119726,-0.135242342949,0.530442576464,0.0632204717763,-0.00784945427852
573364000000,919,573364000000,base_link,7.24292945862,-0.341648131609,-0.129552185535,0.7596160502,0.10139047402,-0.0985628543686
573396000000,920,573396000000,base_link,7.24802017212,-0.352271914482,-0.118780046701,0.841270095642,0.0147974679203,-0.14674723616
573427000000,921,573427000000,base_link,7.25362110138,-0.372904717922,-0.0988499075174,0.83824392835,0.0170537721484,-0.175663622384
573464000000,922,573464000000,base_link,7.25781297684,-0.411050766706,-0.0822390839458,0.743864394198,0.0220561814213,-0.192200830804
573496000000,923,573496000000,base_link,7.26022958755,-0.448797374964,-0.0833837017417,0.391418920033,-0.0438451002548,-0.148528463243
573528000000,924,573528000000,base_link,7.26253223419,-0.48674055934,-0.0928444862366,0.170394707421,-0.0448789452141,-0.10795276757
573564000000,925,573564000000,base_link,7.26540660858,-0.524619102478,-0.106294855475,-0.289588269604,-0.0422080708024,-0.0254264903672
573596000000,926,573596000000,base_link,7.26590919495,-0.558190405369,-0.115766569972,-0.628248289709,-0.11347081062,0.0600027661111
573628000000,927,573628000000,base_link,7.26699829102,-0.585596621037,-0.110336907208,-0.757442873033,-0.096570112972,0.0981233398376
573664000000,928,573664000000,base_link,7.26713275909,-0.606752514839,-0.0952338054776,-0.978936034304,-0.0277678460453,0.182417841288
573696000000,929,573696000000,base_link,7.26688289642,-0.611036539078,-0.0832793563604,-1.0437515102,-0.0693978785468,0.231145040133
573728000000,930,573728000000,base_link,7.27010583878,-0.602861940861,-0.0659602805972,-1.0081866172,-0.048752573277,0.248917559768
573764000000,931,573764000000,base_link,7.27230405807,-0.585394382477,-0.05351819098,-0.988897910563,-0.0333499772228,0.268572003314
573796000000,932,573796000000,base_link,7.27383613586,-0.556868672371,-0.0478757843375,-0.875528624171,0.0300698376501,0.272317419793
573828000000,933,573828000000,base_link,7.27508068085,-0.519686698914,-0.0449356734753,-0.799152170347,0.0530800070301,0.263860210178
573864000000,934,573864000000,base_link,7.27384805679,-0.461752742529,-0.0480377152562,-0.661000995005,-0.0329314365736,0.255577149189
573896000000,935,573896000000,base_link,7.27204036713,-0.411102682352,-0.0562455095351,-0.458512229467,-0.0187337653413,0.215391464656
573928000000,936,573928000000,base_link,7.2692399025,-0.356467753649,-0.0695444718003,-0.250953327644,0.00484530029233,0.165209866708
573964000000,937,573964000000,base_link,7.26646614075,-0.301877945662,-0.0811088904738,0.188516565053,-0.0182099966278,0.073127183701
573996000000,938,573996000000,base_link,7.26441335678,-0.247464954853,-0.0834491178393,0.585790666319,0.0725689661961,-0.0436329841609
574028000000,939,574028000000,base_link,7.26302957535,-0.19962221384,-0.0815847814083,0.744092417929,0.125659151366,-0.102344479215
574064000000,940,574064000000,base_link,7.26155996323,-0.152472779155,-0.076679199934,0.950653275391,0.0992996941456,-0.171827107271
574096000000,941,574096000000,base_link,7.26288414001,-0.124830514193,-0.0669906362891,1.10609910692,0.119524780723,-0.255869215401
574128000000,942,574128000000,base_link,7.26739025116,-0.109181985259,-0.0586770437658,1.10003003118,0.112477023604,-0.274654797075
574164000000,943,574164000000,base_link,7.27392625809,-0.10557243228,-0.0540105029941,0.92091658933,0.0804919105137,-0.278459501662
574196000000,944,574196000000,base_link,7.2787156105,-0.110945932567,-0.0553112365305,0.616232149878,-0.0582736915037,-0.236451065664
574228000000,945,574228000000,base_link,7.28224754333,-0.120930314064,-0.0598156712949,0.462926321081,-0.0750093781234,-0.217908409362
574264000000,946,574264000000,base_link,7.28256368637,-0.140969902277,-0.0692609921098,0.187148835908,-0.0920225415041,-0.161643582809
574296000000,947,574296000000,base_link,7.28200149536,-0.15851162374,-0.0783068090677,0.0131764984062,-0.0284862047328,-0.11428523487
574328000000,948,574328000000,base_link,7.28290081024,-0.175493732095,-0.084053248167,-0.0651282568836,0.002176833755,-0.0847506945045
574364000000,949,574364000000,base_link,7.28570747375,-0.190709993243,-0.0860264524817,-0.189644432499,-0.0182358053263,-0.0409300623575
574396000000,950,574396000000,base_link,7.28769397736,-0.204881072044,-0.086668163538,-0.203330849461,0.0206057534168,-0.00942082941827
574428000000,951,574428000000,base_link,7.28994131088,-0.21672436595,-0.0873370319605,-0.198481285004,0.0201476067073,0.00320660859082
574464000000,952,574464000000,base_link,7.2923412323,-0.229500830173,-0.0874897837639,-0.210372500703,-0.0637419663342,0.0207414773879
574496000000,953,574496000000,base_link,7.29535722733,-0.235370740294,-0.0835309252143,-0.166495543018,-0.059268599407,0.0199266422132
574528000000,954,574528000000,base_link,7.2981171608,-0.240514203906,-0.080508954823,-0.141404205417,-0.0569045074281,0.0340252730592
574564000000,955,574564000000,base_link,7.29904556274,-0.244889438152,-0.0786790400743,-0.103644414054,-0.00241668017844,0.0337649493707
574596000000,956,574596000000,base_link,7.29986953735,-0.246713712811,-0.0784502103925,-0.0926146548007,0.0410568232244,0.037038341276
574628000000,957,574628000000,base_link,7.30081653595,-0.248460397124,-0.0786908566952,-0.0943391591804,0.0401662286807,0.0388420357764
574664000000,958,574664000000,base_link,7.30115509033,-0.248826161027,-0.0775523334742,-0.107037332767,-0.0158849361485,0.0390056156634
574696000000,959,574696000000,base_link,7.30114936829,-0.248206228018,-0.0744662955403,-0.196699162283,-0.00904462325398,0.05384479109
574728000000,960,574728000000,base_link,7.3037776947,-0.246409699321,-0.0711004883051,-0.226616594754,0.00978704741165,0.0668251671193
574764000000,961,574764000000,base_link,7.3067522049,-0.239824846387,-0.0678935572505,-0.327267312499,-0.0348631793035,0.0902710753585
574796000000,962,574796000000,base_link,7.30834341049,-0.230921432376,-0.0648760125041,-0.455587748983,-0.0209534434165,0.118758640609
574828000000,963,574828000000,base_link,7.30930423737,-0.217000022531,-0.0633451119065,-0.485944475852,-0.00276217957514,0.127472869468
574864000000,964,574864000000,base_link,7.30822086334,-0.193219795823,-0.0633575096726,-0.418655401501,-0.0563359742488,0.133093460488
574896000000,965,574896000000,base_link,7.30673742294,-0.169319197536,-0.0642437636852,-0.20205969301,-0.01247404055,0.0849780320044
574928000000,966,574928000000,base_link,7.30463838577,-0.144228860736,-0.0677796602249,-0.0758563382714,0.0118543903525,0.0635832050315
574964000000,967,574964000000,base_link,7.30691862106,-0.119377009571,-0.0722032114863,0.173871101293,0.0060614629211,0.0168780469296
574996000000,968,574996000000,base_link,7.31063890457,-0.0972999632359,-0.07547647506,0.343729088495,-0.0576809910638,-0.0300312179161
575028000000,969,575028000000,base_link,7.31363964081,-0.0795553177595,-0.0733474195004,0.366494162356,-0.0365739611689,-0.0455542080926
575064000000,970,575064000000,base_link,7.31605482101,-0.0618311390281,-0.071125395596,0.339896613488,0.0278425561265,-0.0549031741018
575096000000,971,575096000000,base_link,7.3173251152,-0.0513459779322,-0.0702795386314,0.25394706068,-0.0313154399341,-0.0649149591593
575128000000,972,575128000000,base_link,7.3170747757,-0.0428275913,-0.0700733438134,0.194206083645,-0.030172069275,-0.0533601123709
575164000000,973,575164000000,base_link,7.31781816483,-0.0368271395564,-0.0710455775261,0.067687580786,0.0129449076534,-0.0322353067849
575196000000,974,575196000000,base_link,7.31602811813,-0.0309510845691,-0.0722676366568,-0.0151268100044,-0.00470361816485,-0.0177013660581
575228000000,975,575228000000,base_link,7.3096446991,-0.0250995159149,-0.0744858905673,-0.0528632182489,-0.0612251278589,-0.0146570966413
575264000000,976,575264000000,base_link,7.30485057831,-0.0166454389691,-0.0711111873388,-0.0852322685191,-0.0517119796028,0.000741196038132
575296000000,977,575296000000,base_link,7.30039787292,-0.008859382011,-0.0683472082019,-0.0557091622203,0.0415322970049,-0.00698121503041
575328000000,978,575328000000,base_link,7.29923057556,-0.000420494470745,-0.0670191571116,-0.0401270905255,0.0809775651074,0.000280015103208
575364000000,979,575364000000,base_link,7.298204422,0.00697038415819,-0.0664179772139,0.0141465096873,0.0371923034306,-0.00712079596085
575396000000,980,575396000000,base_link,7.29700374603,0.0143579710275,-0.0670878887177,0.0602845659513,0.0386968355974,-0.0186398243718
575428000000,981,575428000000,base_link,7.29519367218,0.0215002503246,-0.0682963132858,0.0839215042414,0.0253317031246,-0.0154475608831
575464000000,982,575464000000,base_link,7.2927479744,0.0281158257276,-0.0681191906333,0.103468258691,0.0271431490488,-0.0284644394426
575496000000,983,575496000000,base_link,7.292304039,0.03203202039,-0.0677948743105,0.107693792631,0.0583860393662,-0.0280594404615
575528000000,984,575528000000,base_link,7.29458618164,0.0364634208381,-0.0686682760715,0.0926682845551,0.0654548430901,-0.0236802656684
575564000000,985,575564000000,base_link,7.29670810699,0.0393858216703,-0.0717298164964,0.0603634566659,0.00156440245619,-0.0234062048709
575596000000,986,575596000000,base_link,7.29925632477,0.0401401519775,-0.074216760695,0.0403561844159,-0.00683844626959,-0.0167404129915
575628000000,987,575628000000,base_link,7.30065584183,0.0423407815397,-0.0771040469408,0.0254139446125,-0.0345988960534,-0.0163820496702
575664000000,988,575664000000,base_link,7.3000087738,0.04388281703,-0.0797778144479,0.0146477008251,-0.0188436164242,-0.0151173933478
575696000000,989,575696000000,base_link,7.30070543289,0.044966775924,-0.0821877345443,-0.00778542918426,0.0193293407002,-0.00481493403298
575728000000,990,575728000000,base_link,7.30357694626,0.0447692163289,-0.084693364799,-0.00651053445828,0.0172890772915,-0.00904694565729
575764000000,991,575764000000,base_link,7.30632305145,0.045611243695,-0.0879744291306,-0.0112397452132,-0.0744621078668,-0.00674518142008
575796000000,992,575796000000,base_link,7.3096241951,0.0465355701745,-0.0874648615718,-0.00556622008214,-0.0442519985663,0.00014713543874
575828000000,993,575828000000,base_link,7.31211662292,0.0462035723031,-0.0884666740894,0.00704310339665,-0.00980516714128,-0.00677698458254
575864000000,994,575864000000,base_link,7.31267690659,0.0478873923421,-0.0898347496986,0.00882337738634,-0.0332578746239,-0.00271985728482
575896000000,995,575896000000,base_link,7.31391334534,0.0474722310901,-0.0906461179256,0.0115929771154,-0.0150009493319,0.00100851284927
575928000000,996,575928000000,base_link,7.31475925446,0.0480393432081,-0.0928667336702,0.00566360186783,-0.00252735449549,-0.00658471976973
575964000000,997,575964000000,base_link,7.32041835785,0.048686530441,-0.0976032838225,0.00891537075969,0.0120588304042,-0.00415912951636
575996000000,998,575996000000,base_link,7.32325077057,0.0497401989996,-0.100546322763,0.00711248342317,-0.0885522465435,-0.00250945878458
576028000000,999,576028000000,base_link,7.3258728981,0.0502514801919,-0.0999099165201,0.0112821221446,-0.0834583054264,-0.00621322432162
576064000000,1000,576064000000,base_link,7.32825660706,0.0511067174375,-0.100907959044,0.0117378234816,-0.0537536856986,-0.000408522918537
576096000000,1001,576096000000,base_link,7.32864284515,0.0500259920955,-0.104143612087,0.0134553565114,-0.113157766651,-0.000550996587188
576128000000,1002,576128000000,base_link,7.32805347443,0.0484833866358,-0.104003533721,0.0134221291246,-0.0858040919497,-0.00831141558212
576164000000,1003,576164000000,base_link,7.32793569565,0.0482262559235,-0.108656123281,-0.00249589777367,-0.0327696263584,-0.00171484145912
576196000000,1004,576196000000,base_link,7.3255853653,0.0463646352291,-0.113833196461,-0.0072884899428,-0.0695503058473,-0.00224366682402
576228000000,1005,576228000000,base_link,7.32372522354,0.0449473746121,-0.114901825786,-0.00653088937579,-0.0403522613931,0.00622110090812
576264000000,1006,576264000000,base_link,7.32024717331,0.0433696694672,-0.115361250937,-0.00756855217071,0.0428893251477,0.0002478167621
576296000000,1007,576296000000,base_link,7.31533098221,0.0426944568753,-0.118707627058,-0.00817327857938,-0.00226059110146,0.000141261912486
576328000000,1008,576328000000,base_link,7.31012153625,0.0429454818368,-0.12280523777,-0.00275537720036,0.0136179264156,-0.000219488359902
576364000000,1009,576364000000,base_link,7.30475759506,0.0421917662024,-0.129422649741,-0.010212579686,0.0611717270565,0.00565007905268
576396000000,1010,576396000000,base_link,7.29901456833,0.0420247390866,-0.134269729257,0.00596673771192,0.044086586736,0.000598584219006
576428000000,1011,576428000000,base_link,7.29123210907,0.0411257706583,-0.142644703388,0.00210314295938,-0.00765402164684,0.00257568289844
576464000000,1012,576464000000,base_link,7.2818646431,0.0408551692963,-0.152150511742,0.00628988787135,-0.010195447459,-0.00329926690314
576496000000,1013,576496000000,base_link,7.2749710083,0.0401871167123,-0.16402438283,-0.00114740146746,0.0588141816921,1.71631485908e-05
576528000000,1014,576528000000,base_link,7.27025651932,0.0389365926385,-0.176392912865,-0.000612176101798,0.0831087975956,0.00569693639728
576564000000,1015,576564000000,base_link,7.26449489594,0.0376687943935,-0.199488118291,-0.00125669444279,0.0399890106325,0.00750355111298
576596000000,1016,576596000000,base_link,7.26021909714,0.0375650562346,-0.216525286436,-0.000337773506133,0.0214516427264,0.000465234481765
576628000000,1017,576628000000,base_link,7.25450992584,0.0367046073079,-0.240634471178,-0.0110678416222,0.0378509508323,-0.00114775024892
576664000000,1018,576664000000,base_link,7.24798727036,0.0358776040375,-0.275113910437,-0.00686027666734,-0.0145120530309,0.00553621099054
576696000000,1019,576696000000,base_link,7.24463701248,0.0353945977986,-0.292221605778,-0.012441832311,0.00717712067654,0.00255544679498
576728000000,1020,576728000000,base_link,7.24473905563,0.0339178964496,-0.298275083303,-0.00375139762837,0.0108522016503,0.00512224687602
576764000000,1021,576764000000,base_link,7.24588346481,0.0348865874112,-0.297418266535,-0.00863563753766,-0.0301433871615,-0.00201745504171
576796000000,1022,576796000000,base_link,7.24765110016,0.0358596034348,-0.294615745544,-0.0110431902713,0.00682819563612,0.0077130288623
576828000000,1023,576828000000,base_link,7.25002145767,0.0373542234302,-0.292692452669,-0.00538427933614,0.0281150875021,0.00574983782186
576864000000,1024,576864000000,base_link,7.25262784958,0.0381823927164,-0.291803747416,0.00390948969017,0.0292046707505,0.00150881369151
576896000000,1025,576896000000,base_link,7.25656175613,0.0373813919723,-0.292959392071,0.0029136793326,-0.0519049813344,9.50767643271e-05
576928000000,1026,576928000000,base_link,7.25870513916,0.0365012548864,-0.29359215498,0.00522776537151,-0.0487445999044,0.000607228126143
576964000000,1027,576964000000,base_link,7.25813627243,0.0352558083832,-0.29233533144,0.00454039035049,-0.0157187660872,0.000102037236696
576996000000,1028,576996000000,base_link,7.25603342056,0.0344942472875,-0.290860086679,-0.00386368028016,-0.0661720480124,0.00651185740974
577028000000,1029,577028000000,base_link,7.2528886795,0.0348491333425,-0.290812939405,-0.0108369277435,-0.0531434123541,0.00263182585035
577064000000,1030,577064000000,base_link,7.24956035614,0.0338566042483,-0.290239930153,-0.00151968780165,0.00936817773102,0.00010575934601
577096000000,1031,577096000000,base_link,7.2489657402,0.0331509709358,-0.289765626192,-0.0138749844045,0.00218873872451,0.00435052131279
577128000000,1032,577128000000,base_link,7.2492313385,0.0339374877512,-0.28879404068,-0.00503580764823,-0.0352446309331,0.00303598321017
577164000000,1033,577164000000,base_link,7.24861049652,0.0352872982621,-0.283779829741,-0.010360198667,-0.0180245803283,0.000702996672634
577196000000,1034,577196000000,base_link,7.24879407883,0.0355760268867,-0.278767883778,0.00160398156569,0.0502740774492,0.00216126349659
577228000000,1035,577228000000,base_link,7.24908638,0.0358157940209,-0.277807056904,-0.00328186234117,0.0633416214553,-0.00359150514245
577264000000,1036,577264000000,base_link,7.24983882904,0.0361347459257,-0.277793526649,0.00301785221978,0.00398919710096,0.00101095080628
577296000000,1037,577296000000,base_link,7.25008487701,0.0363660007715,-0.279306977987,-0.0016621156939,0.0107195244824,-0.000405809729129
577328000000,1038,577328000000,base_link,7.25325489044,0.036860909313,-0.279437988997,0.00435274586257,0.0246597716045,0.00411549473129
577364000000,1039,577364000000,base_link,7.25806713104,0.0367940291762,-0.278805881739,0.00151632385011,-0.0247047229894,0.00135768410361
577396000000,1040,577396000000,base_link,7.2613120079,0.0366233587265,-0.281233221292,0.00306684010436,-0.0070473323506,0.00115504020112
577428000000,1041,577428000000,base_link,7.26400613785,0.0369094982743,-0.281949877739,-0.00362362196237,-0.00506590664365,-0.00102367903369
577464000000,1042,577464000000,base_link,7.26641702652,0.0370779782534,-0.28426489234,-0.00268718059467,-0.0955027785196,0.00339109876648
577496000000,1043,577496000000,base_link,7.26651763916,0.0368564091623,-0.283402740955,-0.00012223505053,-0.0609481332747,-0.00103491746436
577528000000,1044,577528000000,base_link,7.26864480972,0.0370763987303,-0.281737148762,0.00181627855092,-0.0490295732315,0.000487290494552
577564000000,1045,577564000000,base_link,7.27164125443,0.0366530194879,-0.282140851021,0.00181783799183,-0.089359852446,0.00341249044333
577596000000,1046,577596000000,base_link,7.27335596085,0.0370622575283,-0.279715389013,0.000931751774667,-0.0151894824774,0.00120513847316
577628000000,1047,577628000000,base_link,7.2740111351,0.0366302803159,-0.277099400759,-0.00524847818734,0.01964054132,0.00292347876911
577664000000,1048,577664000000,base_link,7.27552080154,0.0358045734465,-0.276068091393,-0.00591879519074,0.0474107208706,0.00241981341566
577696000000,1049,577696000000,base_link,7.27639532089,0.0363918021321,-0.273084700108,-0.00339755705075,-0.00392034287267,0.00424815829401
577728000000,1050,577728000000,base_link,7.27658700943,0.0363588407636,-0.269694894552,-0.00404316748283,0.00706780291601,0.00550641414102
577764000000,1051,577764000000,base_link,7.27937173843,0.0359944179654,-0.267102181911,0.00449532606103,0.0150156734161,-0.00103830925631
577796000000,1052,577796000000,base_link,7.28390312195,0.0363961085677,-0.267021656036,-0.00339860794327,-0.0719876555737,0.00424140031341
577828000000,1053,577828000000,base_link,7.28739833832,0.0366579666734,-0.267440706491,-0.0107489635879,-0.0693965321186,0.00484316064914
577864000000,1054,577864000000,base_link,7.28807067871,0.0360788665712,-0.267950028181,-0.000755215832296,-0.0290474679453,-0.000917887133427
577896000000,1055,577896000000,base_link,7.28466176987,0.0356332957745,-0.270078748465,0.00265043036848,-0.0817864657033,0.00196762928814
577928000000,1056,577928000000,base_link,7.2825627327,0.0358971506357,-0.270270109177,-0.00181930873159,-0.0633463594587,-1.48544510847e-05
577964000000,1057,577964000000,base_link,7.27639341354,0.0365079566836,-0.269099980593,-0.00513313627056,-0.00500682405526,0.00233482180662
577996000000,1058,577996000000,base_link,7.26749897003,0.0368986688554,-0.269061535597,0.00252492272955,-0.0420841951949,-0.00094544050854
578028000000,1059,578028000000,base_link,7.26146411896,0.0384825319052,-0.264601588249,0.00290788169665,0.0211127487606,-0.00128171330056
578064000000,1060,578064000000,base_link,7.25489521027,0.0392770990729,-0.259671211243,-0.000969134054653,0.110812406619,-0.00320260853537
578096000000,1061,578096000000,base_link,7.25169038773,0.0396671295166,-0.257530927658,0.00666958026997,0.0938283924679,0.00260267146999
578128000000,1062,578128000000,base_link,7.2500705719,0.0404161550105,-0.255863904953,0.00848329935156,0.0915502638934,-0.00442147278416
578164000000,1063,578164000000,base_link,7.24943447113,0.0411690697074,-0.256254285574,0.0107552471367,0.129045198298,-0.000399191822734
578196000000,1064,578196000000,base_link,7.24834346771,0.0409386493266,-0.257612973452,0.00884268568981,0.0873478497451,-0.00432823726796
578228000000,1065,578228000000,base_link,7.24670314789,0.0414121225476,-0.259581327438,0.00548409806488,0.0137396795845,-0.00389872483008
578264000000,1066,578264000000,base_link,7.24618864059,0.0418318286538,-0.262149840593,0.00863854726871,-0.0125840365953,-0.004713865684
578296000000,1067,578296000000,base_link,7.24584388733,0.0422695204616,-0.264372348785,0.00322778730873,0.0463908050099,-0.00519285103951
578328000000,1068,578328000000,base_link,7.249522686,0.0432447604835,-0.268140286207,0.00267529150896,0.0670197448259,-0.00758440755914
578364000000,1069,578364000000,base_link,7.25464487076,0.0436232984066,-0.271082162857,-0.00146174346219,-0.00045476282647,0.0021474574871
578396000000,1070,578396000000,base_link,7.25990438461,0.0437419600785,-0.274280995131,0.00486496621535,-0.0049920214642,0.00134479405606
578428000000,1071,578428000000,base_link,7.26653051376,0.0440964214504,-0.279523462057,0.00797184454762,0.00219964805872,-0.0032745809134
578464000000,1072,578464000000,base_link,7.27083683014,0.0450273044407,-0.281427174807,0.00304766182749,-0.065342615407,-0.00426109255848
578496000000,1073,578496000000,base_link,7.27450609207,0.0449336096644,-0.284145891666,0.00653293823701,-0.0441419519825,0.000334908962781
578528000000,1074,578528000000,base_link,7.27987861633,0.0447534769773,-0.285880863667,0.00938504702145,-0.0358406363723,-0.00390855745769
578564000000,1075,578564000000,base_link,7.28496694565,0.0441968515515,-0.284806311131,0.00906855074987,-0.0802892074528,0.00010932052136
578596000000,1076,578596000000,base_link,7.28853130341,0.0438831076026,-0.285099565983,-0.000696437800902,-0.0432584251993,0.00413057938575
578628000000,1077,578628000000,base_link,7.29148435593,0.0441146604717,-0.285188108683,-0.00168733870087,-0.032544024821,-0.00104609251302
578664000000,1078,578664000000,base_link,7.29164123535,0.0432711392641,-0.284697949886,-0.00473445823225,-0.120463737758,0.00338825274551
578696000000,1079,578696000000,base_link,7.29074716568,0.0436096042395,-0.280876964331,0.000438583736903,-0.0639357378081,-0.00371501205334
578728000000,1080,578728000000,base_link,7.29019641876,0.0445776060224,-0.277679920197,-0.00590378431326,-0.0348098265519,0.00524301473589
578764000000,1081,578764000000,base_link,7.29035711288,0.0445103421807,-0.275611519814,-0.00393331541315,-0.0616045200027,0.00168972162515
578796000000,1082,578796000000,base_link,7.2903342247,0.0440574064851,-0.271427422762,-0.00261571736658,0.00216058592385,0.00578859158063
578828000000,1083,578828000000,base_link,7.28775835037,0.0446691699326,-0.269257485867,-0.000998103686661,0.0461136355236,0.00385848763051
578864000000,1084,578864000000,base_link,7.28529310226,0.0440807417035,-0.266238749027,0.000824451699891,0.0182055138139,0.000187101092291
578896000000,1085,578896000000,base_link,7.2837729454,0.0448095500469,-0.262242734432,0.00141722514872,0.0456129847619,-0.00122223467131
578928000000,1086,578928000000,base_link,7.28440141678,0.0457122921944,-0.259327232838,-0.00490428162404,0.0672429077886,-0.00165631489543
578964000000,1087,578964000000,base_link,7.28709602356,0.0460412018001,-0.258410722017,0.00658022341565,0.02249380302,-0.000918749351492
578996000000,1088,578996000000,base_link,7.28870630264,0.0454847440124,-0.258436888456,0.00432694712719,0.0251555854565,-0.00140958570073
579028000000,1089,579028000000,base_link,7.29176187515,0.0459454394877,-0.260371536016,-0.000634029991343,0.0335922838129,0.00127729197496
579064000000,1090,579064000000,base_link,7.29374027252,0.0453618355095,-0.26193600893,2.91649100412e-05,0.0114208653108,0.00125529686275
579096000000,1091,579096000000,base_link,7.29510068893,0.0454361774027,-0.262948155403,0.00372364223626,-0.0838523902332,0.000815732805121
579128000000,1092,579128000000,base_link,7.29342365265,0.0450584590435,-0.262941986322,-0.00264027103598,-0.0744931515206,-0.0020148208639
579164000000,1093,579164000000,base_link,7.29049777985,0.0448465496302,-0.26586613059,-0.00274217530056,-0.0378215936677,0.000828439216095
579196000000,1094,579196000000,base_link,7.28555679321,0.0437066778541,-0.268879294395,-0.00370294164225,-0.0718665726299,-0.00235886724545
579228000000,1095,579228000000,base_link,7.27741241455,0.0441923029721,-0.260153472424,-0.195589571914,-0.18177050688,-0.0252994034539
579264000000,1096,579264000000,base_link,7.20538139343,0.0627848803997,-0.168071657419,0.0313201157038,-0.485447665894,-0.0438036310455
579296000000,1097,579296000000,base_link,7.15069103241,0.0623414777219,-0.115740545094,0.00303483914913,-0.158612513494,-0.0311771430714
579328000000,1098,579328000000,base_link,7.07928466797,0.0662363246083,-0.0734419003129,0.000253764664704,-0.0297292769445,-0.0389967533433
579364000000,1099,579364000000,base_link,6.97542953491,0.0705458298326,-0.0364607609808,-0.00031046025752,0.173696798734,-0.0550357356518
