337008000000,436,337007000000,base_link,-0.00248910672963,0.00787332840264,-0.00842363666743,0.000190124972215,-0.00521110182115,0.00541397260991
337039000000,437,337039000000,base_link,-0.00271735247225,0.00832917075604,-0.00888468325138,0.000139356127616,-0.000913582938609,-0.002415320455
337071000000,438,337071000000,base_link,-0.00279549486004,0.00915602128953,-0.00921525247395,0.0007123904736,-0.00516355830802,0.000564790301259
337107000000,439,337107000000,base_link,-0.00283622462302,0.00948220305145,-0.00861266255379,0.00615596826115,-0.00463701015252,-0.00113794366858
337139000000,440,337139000000,base_link,-0.00268327957019,0.00996313244104,-0.00717147858813,0.00364249894737,-0.00497775822565,-0.000646206081682
337171000000,441,337171000000,base_link,-0.00227381545119,0.0105835096911,-0.00581252714619,-0.000781530077658,-0.00376499082145,-3.73182443581e-05
337207000000,442,337207000000,base_link,-0.00265547027811,0.0112293325365,-0.00498862098902,-0.00169962708786,-0.00498773468423,-0.00121838143444
337239000000,443,337239000000,base_link,-0.00198309705593,0.0108239408582,-0.00391928479075,-0.000391454364053,-0.00689479307384,0.00264151795891
337271000000,444,337271000000,base_link,-0.00213609263301,0.0115690268576,-0.00305043417029,0.00152282470042,-0.00742192133295,0.00131546865189
337307000000,445,337307000000,base_link,-0.00232129264623,0.00999538600445,-0.00282564712688,0.000302882091108,-0.00652893954629,0.00501197104334
337339000000,446,337339000000,base_link,-0.00227129412815,0.00992092397064,-0.00225514033809,0.00531793908124,-0.0100003359554,-0.0011677235632
337371000000,447,337371000000,base_link,-0.00145638012327,0.00929067842662,-0.000868241419084,0.0033718451446,-0.00619024913645,-0.00100498659975
337407000000,448,337407000000,base_link,-0.00119597523008,0.00758209591731,-0.000146878010128,-0.000452889855018,-0.00200553072257,0.00701686498655
337439000000,449,337439000000,base_link,-0.00175857159775,0.00797107629478,0.000338729005307,0.00131791262347,-0.00501018700367,0.00515709708202
337471000000,450,337471000000,base_link,-0.00158885424025,0.00783166475594,0.000560937332921,0.000997499589458,-0.00680331667818,0.00343469224786
337507000000,451,337507000000,base_link,-0.0016966011608,0.00814560241997,5.81317071919e-05,0.000193167685922,-0.00353669746308,0.0019372813648
337539000000,452,337539000000,base_link,-0.00135848589707,0.00759147619829,0.00081209425116,-0.00173530663862,-0.00256689620288,-0.00339969546227
337571000000,453,337571000000,base_link,-0.0011748992838,0.00744670396671,0.000512713799253,-0.00216771585582,-0.00170819646063,0.00323628995293
337607000000,454,337607000000,base_link,-0.000990974949673,0.00700511876494,-0.000212041835766,0.00171263416297,-0.0105328788233,-0.00333307498972
337639000000,455,337639000000,base_link,-0.00146471965127,0.00698051881045,-0.000119299111248,-0.00155990191231,-0.012209822376,-0.000982178852102
337671000000,456,337671000000,base_link,-0.000599270919338,0.00702095869929,0.000104770406324,0.00478743568746,-0.00803635198887,0.000922323294494
337707000000,457,337707000000,base_link,-0.000439234485384,0.00744126178324,0.000147362952703,0.00137555194091,-0.000918621429083,0.00271407882216
337739000000,458,337739000000,base_link,-0.000389172724681,0.00719697074965,0.000373349233996,-0.000416393045313,-0.00421208297627,0.0014883104036
337771000000,459,337771000000,base_link,-0.000259595108218,0.00727677391842,0.000927299202885,-0.00231168764128,-0.00614519869202,0.001440499511
337807000000,460,337807000000,base_link,-0.000470196304377,0.00747132301331,0.000249856704613,0.00174693761802,-0.00778723044018,0.00309161902236
337839000000,461,337839000000,base_link,-0.00107298931107,0.00744040776044,0.00147854769602,-0.00339800129867,-0.0040326258233,-0.00287164561301
337871000000,462,337871000000,base_link,-0.00225260434672,0.00723523646593,0.00127946108114,0.00586748360272,-0.00425687457485,-0.00466294274922
337907000000,463,337907000000,base_link,-0.00172974402085,0.0070351017639,0.00175264070276,0.00136198725057,-0.00836785114771,-0.00401259159072
337939000000,464,337939000000,base_link,-0.000891326053534,0.00696216057986,0.00120476924349,-0.00159768566871,-0.00751927072666,-0.000286676682129
337971000000,465,337971000000,base_link,-6.47139677312e-05,0.00714987562969,0.00268429121934,0.00142486210345,-0.00982311844537,-0.000753567866731
338007000000,466,338007000000,base_link,-0.000315135519486,0.00770437950268,0.00311161321588,-0.000152964451704,-0.01054663434,-0.00355424644291
338039000000,467,338039000000,base_link,-0.000683854974341,0.00624310551211,0.00433120923117,-0.00459907613368,-0.00378909567083,-0.00116436335359
338071000000,468,338071000000,base_link,0.000198289111722,0.00615682452917,0.00457409908995,0.00479611731772,-0.0029503495525,-0.00214193246268
338107000000,469,338107000000,base_link,6.81394594721e-05,0.00626841420308,0.00481555331498,0.00471817172772,-0.00521945107048,-0.00563839071386
338139000000,470,338139000000,base_link,0.000334828335326,0.00700458651409,0.00536620104685,0.00052156026856,-0.00261913890679,0.00345074012311
338171000000,471,338171000000,base_link,0.00015685823746,0.00752642611042,0.00546045554802,0.00254878721033,-0.00841898041724,0.00350597230713
338207000000,472,338207000000,base_link,0.00127050455194,0.00624452205375,0.00582010811195,0.00172296263174,-0.00543764888403,0.00107895198282
338239000000,473,338239000000,base_link,0.00133526651189,0.00601258408278,0.0057789334096,0.000657245622343,-0.00655540569272,-0.00305450534343
338271000000,474,338271000000,base_link,0.000837817497086,0.00633905641735,0.00654893135652,0.00652917317675,-0.00435764650926,0.00325267280599
338307000000,475,338307000000,base_link,0.0013126260601,0.00768245756626,0.0057138572447,0.00288928024035,-0.00857299240951,-0.000295318674135
338339000000,476,338339000000,base_link,0.00107297778595,0.00804243702441,0.00636966805905,0.00346618546173,-0.00679009492359,0.00386144603614
338371000000,477,338371000000,base_link,0.00085233093705,0.00724749267101,0.00607039500028,0.000901243611925,-0.00422939068802,-0.000650294740957
338407000000,478,338407000000,base_link,-0.000585278321523,0.00689043477178,0.00618701800704,0.00528470815229,-0.00148394133179,-0.00237336478099
338439000000,479,338439000000,base_link,4.94792802783e-05,0.00629242928699,0.00676665594801,0.00145833372126,-0.00524508924084,0.0028516172957
338471000000,480,338471000000,base_link,2.96066536976e-05,0.00511364359409,0.00727166980505,0.00264659469532,-0.00943549435487,-0.000651049163622
338507000000,481,338507000000,base_link,-0.000809586897958,0.00559455854818,0.00609585037455,0.00216638149765,-0.00839003983801,-0.00225477858418
338539000000,482,338539000000,base_link,-0.000936982163694,0.00461256876588,0.00577520020306,0.00385784759744,-0.00814364589996,-0.00190153236499
338571000000,483,338571000000,base_link,-0.00175005942583,0.00438312487677,0.0051084482111,0.00832323702121,-0.0041471978658,0.00303978156922
338607000000,484,338607000000,base_link,-0.000434378016507,0.00353663624264,0.00487436819822,0.00577040634854,-0.00617555778354,-0.00497895051787
338639000000,485,338639000000,base_link,2.12565119e-05,0.00377359404229,0.00396299595013,-0.000281099213965,-0.00743498502687,-0.000655202347896
338671000000,486,338671000000,base_link,0.00112359062769,0.00387433869764,0.00352689274587,-0.00226665312523,-0.00481371272948,-0.00246134026069
338707000000,487,338707000000,base_link,0.00104446895421,0.00447786366567,0.00334828207269,-0.00262976401052,-0.00333006904273,0.00318589133783
338739000000,488,338739000000,base_link,0.00123772397637,0.00439273985103,0.00265471963212,-0.00529065837245,-0.00636212122137,0.000382149379812
338771000000,489,338771000000,base_link,0.00206314749084,0.00401965714991,0.00276342406869,-0.00174529241451,-0.0079323887687,-0.00203291062763
338807000000,490,338807000000,base_link,0.00165204459336,0.00264364737086,0.00335841439664,-0.00104294792164,-0.00013614702841,-0.00378625425312
338839000000,491,338839000000,base_link,0.0011533430079,0.00196567759849,0.00336766592227,0.00025251231982,-0.00537021429811,0.00180533004929
338871000000,492,338871000000,base_link,0.00150532147381,0.00203785835765,0.00356777757406,-0.000412319804807,-0.00775091960382,0.00801075638281
338907000000,493,338907000000,base_link,0.00131720188074,0.00215476774611,0.00314830848947,0.00437678575637,-0.00345973509067,-0.000530273657252
338939000000,494,338939000000,base_link,0.000309270224534,0.00272866664454,0.00348717579618,0.00110154802168,-0.00965464178158,0.000952407395812
338971000000,495,338971000000,base_link,0.00150305195712,0.00276836939156,0.00491608958691,0.00511636464939,-0.00673835307822,-0.00138718579008
339007000000,496,339007000000,base_link,0.0012662113877,0.00294760847464,0.00609495770186,-0.000205317797247,-0.00159079444754,0.00108631749258
339039000000,497,339039000000,base_link,0.00139134004712,0.00234940741211,0.00492705078796,-0.00118926850691,-0.00911252907948,0.00341169947229
339071000000,498,339071000000,base_link,0.00195349566638,0.00182744418271,0.00353737035766,0.00268400627671,-0.0100335796771,0.00178478458425
339107000000,499,339107000000,base_link,0.00125822622795,0.0019725272432,0.0037373425439,-0.00168018131626,-0.00273952628608,0.00436497742102
339139000000,500,339139000000,base_link,0.000749423808884,0.00205669482239,0.00514876283705,-0.000553871484468,-0.00694036224123,0.000318860803339
339171000000,501,339171000000,base_link,0.00104755361099,0.00323001784272,0.00585213210434,-0.00179597970545,-0.00413775268248,0.00399560686468
339207000000,502,339207000000,base_link,0.000152666820213,0.00243814499117,0.00610016752034,-0.000861224416149,-0.00642743358168,0.00436792863829
339239000000,503,339239000000,base_link,0.000597210077103,0.0028710081242,0.00595127465203,-0.000545666217151,-0.00767370305335,0.00146670122752
339271000000,504,339271000000,base_link,-0.000198704365175,0.00377200520597,0.00620842073113,0.00504930316299,-0.00857476923826,0.00270132836766
339307000000,505,339307000000,base_link,-0.000688945758156,0.003586235689,0.00497124902904,0.00671767896976,-0.00871331560375,-0.0045380700709
339339000000,506,339339000000,base_link,-0.00084203213919,0.00292102992535,0.00552656874061,0.00266702565371,-0.00825272941065,0.00131666541645
339371000000,507,339371000000,base_link,-0.000943995895796,0.00233472906984,0.00625563412905,-0.00286713484698,-0.00792200971915,0.00386074347172
339407000000,508,339407000000,base_link,-0.00246252329089,0.00266687106341,0.00509029673412,0.000862473375106,-0.00735637515477,0.00199673277087
339439000000,509,339439000000,base_link,-0.00261463364586,0.00176314229611,0.00491334637627,-0.00107976485303,-0.0064402674909,0.00153979401711
339471000000,510,339471000000,base_link,-0.00311187049374,0.00101419305429,0.00581057323143,-0.000142083552853,-0.00935064204137,-0.00202485508002
339507000000,511,339507000000,base_link,-0.00346171180718,0.00171765475534,0.00592109793797,-0.000106730828218,-0.00540956225288,0.00542509139076
339539000000,512,339539000000,base_link,-0.00349391321652,0.00129122787621,0.00602275459096,0.00233957960383,-0.00406257178248,0.00165004099746
339571000000,513,339571000000,base_link,-0.00406512059271,-3.55870797648e-05,0.00600134860724,0.00525197030398,-0.00837608356363,-0.000492832950664
339607000000,514,339607000000,base_link,-0.00370671390556,-0.00184198189527,0.00520146731287,0.000750089158174,-0.00750598494645,0.00223827642246
339639000000,515,339639000000,base_link,-0.00356791657396,-0.0012247703271,0.00445448374376,0.00398866992125,-0.00816051862655,-0.00159693060758
339671000000,516,339671000000,base_link,-0.00319815636612,-0.000631822331343,0.0047835665755,0.000164692605324,-0.00702159411473,-0.00570013437192
339707000000,517,339707000000,base_link,-0.00258818059228,-0.00109118968248,0.00405798200518,0.00230215721703,-0.00547425936141,-0.00290210201729
339739000000,518,339739000000,base_link,-0.00347017333843,-0.00196039676666,0.00406142510474,0.00205467494412,-0.00336860845732,-0.00362534598523
339771000000,519,339771000000,base_link,-0.00388164632022,-0.00192779593635,0.00332575198263,0.00383755793405,-0.00694629736435,0.00156101229152
339807000000,520,339807000000,base_link,-0.00475299265236,-0.00296758068725,0.00395280728117,-0.00121015151703,-0.00482674088718,-0.000728563245268
339839000000,521,339839000000,base_link,-0.0052352999337,-0.0039996271953,0.0041798860766,0.00292726872272,-0.00527576262075,-0.000899585663812
339871000000,522,339871000000,base_link,-0.00553295994177,-0.00446747522801,0.0046654632315,0.00316857095565,-0.00493728513597,0.00400290108633
339907000000,523,339907000000,base_link,-0.00733630964532,-0.00530596030876,0.00404719030485,-0.0022244213562,-0.00232685220837,0.00227855183515
339939000000,524,339939000000,base_link,-0.0069493050687,-0.00560100376606,0.00377525365911,0.00122350869071,-0.0090894124447,0.000876591364682
339971000000,525,339970000000,base_link,-0.00630629668012,-0.00702495267615,0.0025982002262,0.00278592769951,-0.00732619836982,3.13889759338e-05
340007000000,526,340007000000,base_link,-0.00515298172832,-0.00795944407582,0.00287009496242,-0.00282514818762,-0.00703830577252,-0.00268776194439
340039000000,527,340039000000,base_link,-0.00486482819542,-0.00843274407089,0.00333853322081,0.00330550473585,-0.00454746369692,-0.00362533508054
340071000000,528,340071000000,base_link,-0.00535990251228,-0.00951315928251,0.0026035385672,-0.00256588670521,-0.000298801006993,-0.0025531924221
340107000000,529,340107000000,base_link,-0.00539608439431,-0.0100086638704,0.00213915086351,0.00267715759542,-0.00932641276182,0.00198009689207
340139000000,530,340139000000,base_link,-0.00522901397198,-0.010274881497,0.00122948247008,0.00106830584647,-0.00571711619535,0.00679147077545
340171000000,531,340171000000,base_link,-0.00452651549131,-0.0109991598874,0.00157977407798,0.00176223411882,-0.00575587519618,-0.00171344967451
340207000000,532,340207000000,base_link,-0.00432777870446,-0.011309239082,0.000658305827528,0.000579840151595,-0.00223076796773,0.00551493097429
340239000000,533,340239000000,base_link,-0.00400392943993,-0.0114512788132,-0.000234218721744,-0.00301604872448,-0.00134749872521,-0.00148010175088
340271000000,534,340271000000,base_link,-0.00500469142571,-0.0118354735896,0.00051072856877,4.72516532705e-06,-0.000603401819886,-0.00191623142429
340307000000,535,340307000000,base_link,-0.00427526980639,-0.0122223701328,-0.000521340407431,-0.000442665040603,-0.00249779371922,0.00163073243606
340339000000,536,340339000000,base_link,-0.00466657383367,-0.0126588214189,-0.00138239993248,-0.000221466860567,-0.00561942274244,-0.00157074621265
340371000000,537,340371000000,base_link,-0.004673153162,-0.0129520865157,-0.00190011039376,0.0034011689117,-0.0101363767263,-0.00068059873343
340407000000,538,340407000000,base_link,-0.00427642511204,-0.0140122566372,-0.00141741416883,-0.00242623849249,-0.00823608629841,1.18150649006e-05
340439000000,539,340439000000,base_link,-0.00432103173807,-0.0140671804547,-0.00172635051422,-0.00245575202253,-0.00559699593718,0.000405913091313
340471000000,540,340471000000,base_link,-0.00380397960544,-0.0144932083786,-0.00156977272127,0.000245172862013,-0.0016129598837,0.000277554255043
340507000000,541,340507000000,base_link,-0.00434681866318,-0.0143624255434,-0.00141519971658,0.00381448914224,-0.00354596028046,-0.00207235037862
340538000000,542,340538000000,base_link,-0.00484617333859,-0.0154552273452,-0.00295315939002,0.00116550436567,-0.00480754285278,-0.00079976751142
340571000000,543,340571000000,base_link,-0.0040945969522,-0.0146439159289,-0.00275054620579,0.0007740086099,-0.00366919940085,-0.00222890899791
340607000000,544,340607000000,base_link,-0.00373297301121,-0.0146534563974,-0.00336913624778,-0.00336961127944,-0.000888592093642,0.0017313009416
340639000000,545,340639000000,base_link,-0.00351469428279,-0.0143333207816,-0.0040917028673,-0.00526355855756,-0.00967807877225,-0.00158989245352
340671000000,546,340671000000,base_link,-0.00360990874469,-0.0135938823223,-0.00416914699599,0.00137542426481,-0.0053831350097,0.000986796411831
340707000000,547,340707000000,base_link,-0.00489743053913,-0.0126154571772,-0.00385667802766,0.00173825605844,-0.00405609407141,-0.000687826962201
340739000000,548,340739000000,base_link,-0.00460559874773,-0.0123988129199,-0.00415999256074,-0.00707950629024,-0.00483988514851,0.00424973564085
340771000000,549,340771000000,base_link,-0.00476248655468,-0.0112817613408,-0.00535654695705,-0.00180863249077,-0.0052188272446,0.00269870782444
340807000000,550,340807000000,base_link,-0.00445038732141,-0.0101845897734,-0.00606529414654,0.00616570495441,-0.0083387110813,-0.0031665163663
340839000000,551,340839000000,base_link,-0.00553812971339,-0.00939136743546,-0.0075292782858,0.000928667760631,-0.00494283027764,0.000844356419485
340871000000,552,340871000000,base_link,-0.0051385066472,-0.0084735089913,-0.0081437472254,0.00319283713145,-0.0019804082287,0.00238943365986
340907000000,553,340907000000,base_link,-0.00531481206417,-0.00673155719414,-0.00774251297116,0.00077832501784,-0.00154030151974,0.00286090535531
340939000000,554,340939000000,base_link,-0.00459925085306,-0.00623274408281,-0.00769276823848,0.00173083466609,-0.00513245086489,-0.00273344980466
340971000000,555,340971000000,base_link,-0.00329994247295,-0.00590873556212,-0.00815806537867,0.000726916102568,-0.00089060487953,0.00104249157001
341007000000,556,341007000000,base_link,-0.00338314007968,-0.00656866282225,-0.00854049809277,-0.00102507798767,-0.0038442410597,0.00556015070983
341039000000,557,341039000000,base_link,-0.00256146700121,-0.00597065454349,-0.00958369858563,-0.000177833947919,-0.0084132766112,0.00512957395002
341071000000,558,341071000000,base_link,-0.00186422583647,-0.00526386592537,-0.00961948093027,0.0076561788794,-0.00504760991976,0.00496727019699
341107000000,559,341107000000,base_link,-0.00086729740724,-0.00576380640268,-0.0102890180424,-0.000368418972592,-0.00479709929143,-0.0032282888225
341139000000,560,341139000000,base_link,-0.00127324811183,-0.00594500685111,-0.0105818789452,0.000146467096501,-0.00427569441443,-0.00690852719923
341171000000,561,341171000000,base_link,-0.00194534752518,-0.00553762214258,-0.0103372978047,-0.000582295132642,-0.00777555547005,-0.000784716624039
341207000000,562,341207000000,base_link,-0.00259855738841,-0.00521503435448,-0.0100302835926,0.00261928980129,-0.00260014839686,-0.00121134632489
341239000000,563,341239000000,base_link,-0.00253170612268,-0.00451014796272,-0.0101272463799,-0.00183404835184,-0.00644778151364,0.00203235069439
341271000000,564,341271000000,base_link,-0.00156706536654,-0.00379821751267,-0.00973242521286,0.00230520473048,-0.0043634431697,0.000105615316905
341307000000,565,341307000000,base_link,-0.00143766682595,-0.00374861154705,-0.0104277199134,0.00160755875806,-0.00536254376653,-0.0021379671879
341339000000,566,341339000000,base_link,-0.00130785536021,-0.00236726924777,-0.0101027861238,0.000968553950968,0.00275534615698,0.00223487437266
341371000000,567,341371000000,base_link,-0.00106055522338,-0.00133912055753,-0.00996385980397,-0.00371634829456,-0.00633020149095,0.000368213515514
341407000000,568,341407000000,base_link,-0.0010544109391,-0.00161092181224,-0.00934168323874,0.00394145209021,-0.00780810806535,-0.000513037949854
341439000000,569,341439000000,base_link,-0.0003257918288,-0.0018470879877,-0.00808217749,-0.000859188928537,-0.0112633230004,0.00193461621556
341471000000,570,341471000000,base_link,-0.000203238188988,-0.00136573752388,-0.00781748257577,0.00384806783773,-0.00423924372337,-0.000968989736527
341507000000,571,341507000000,base_link,0.000275069643976,-0.00192384165712,-0.0083994101733,-0.00103410631784,-0.00184398418109,-0.0029209826162
341539000000,572,341539000000,base_link,0.000841231318191,-0.00139348243829,-0.00841498095542,0.00370263841583,-0.0106747287344,0.000709246348309
341571000000,573,341571000000,base_link,0.000906242872588,0.00093779846793,-0.00836900807917,0.0014221601091,-0.00628913683798,-0.00706823053612
341607000000,574,341607000000,base_link,0.0010288892081,0.000687186373398,-0.00672483071685,0.00236073248465,-0.00809031897841,0.000791728139412
341639000000,575,341639000000,base_link,0.000624685257208,0.00176516792271,-0.00559690967202,0.00615592189473,-0.0047800506326,0.000277143004667
341671000000,576,341671000000,base_link,0.000649513269309,0.00124732719269,-0.00413339212537,-0.00404217026714,-0.0082353044529,0.00379260132032
341707000000,577,341707000000,base_link,4.3315871153e-05,0.00142840994522,-0.00367258535698,-0.00101627111744,-0.00752970949081,0.000388318319096
341739000000,578,341739000000,base_link,0.000428914849181,0.002825824311,-0.00500376243144,0.00435934662228,-0.00860118736097,0.00430461004621
341771000000,579,341771000000,base_link,0.000309608847601,0.0024896892719,-0.00594082986936,-0.000736292470472,-0.0069213638983,0.00210614130167
341807000000,580,341807000000,base_link,0.000171363237314,0.001638953574,-0.00545869069174,0.00270349146026,-0.00880781557559,0.00481544588126
341839000000,581,341839000000,base_link,0.000592166325077,0.000126170343719,-0.00603611720726,0.00703126908194,-0.0107278169849,0.0039283080868
341871000000,582,341871000000,base_link,0.000168164799106,-7.09234882379e-06,-0.00499597610906,-0.00246013553734,-0.00863970636808,0.00280150261121
341907000000,583,341907000000,base_link,-0.000310380361043,0.00030400272226,-0.00425376044586,0.00224596994488,-0.00376538904863,0.00501295867169
341939000000,584,341939000000,base_link,-0.000735753215849,-0.000132561006467,-0.00506354821846,-0.0025082604543,-0.00813539971345,0.00228358282466
341971000000,585,341971000000,base_link,-0.00157413934357,0.00010775867122,-0.00547269033268,-0.00569591060523,-0.00986373409259,-0.00145532554767
342006000000,586,342006000000,base_link,-0.00144565838855,0.000510286539793,-0.0060372967273,0.00449685752335,-0.00511266163559,-0.0074271490473
342039000000,587,342039000000,base_link,-0.00184438191354,0.000944189087022,-0.00562783144414,0.000964894946957,-0.00739610292147,-0.00529908903908
342071000000,588,342071000000,base_link,-0.0018039935967,0.00120459322352,-0.00696499319747,-0.00132936621862,-0.0060555194356,0.000828094456729
342107000000,589,342107000000,base_link,-0.00173958274536,0.00211122841574,-0.00682105310261,0.00294608812317,-0.00391003220221,-0.00530119251714
342139000000,590,342139000000,base_link,-0.00184960872866,0.0025918087922,-0.00701126735657,0.00189989752895,-0.00930501441704,-0.000306865239028
342171000000,591,342171000000,base_link,-0.00224229926243,0.00276339123957,-0.00704312231392,-0.000195105413039,-0.0063085024784,-0.00169578111672
342207000000,592,342207000000,base_link,-0.00210480042733,0.00356224761344,-0.00693556061015,-1.44851526303e-05,-0.00583079447227,-0.000854691526962
342239000000,593,342239000000,base_link,-0.0011044149287,0.00408883718774,-0.00515295052901,0.0022464581106,-0.00296305246975,0.0072161555593
342271000000,594,342271000000,base_link,-0.00100773235317,0.00459725223482,-0.00508539471775,-0.000761138514475,-0.00679639480097,0.00171061834731
342307000000,595,342307000000,base_link,-0.000634773517959,0.00505555002019,-0.005059865769,0.000867401159533,-0.00509502287738,-0.00305977805652
342339000000,596,342339000000,base_link,-0.00147811800707,0.00573596823961,-0.00556782633066,-0.00330525727299,-0.00504203658865,0.00137621583824
342371000000,597,342370000000,base_link,-0.00235265679657,0.00601413752884,-0.0068693975918,0.00418292648549,-0.000976632107613,-0.000606785884189
342407000000,598,342407000000,base_link,-0.00177594658453,0.00581506593153,-0.00715451687574,-0.000233158233607,-0.00575796129115,0.000552311320459
342439000000,599,342439000000,base_link,-0.000183460040716,0.00688957935199,-0.00797679740936,0.00734768127536,-0.00700899377589,0.00356942434858
342471000000,600,342471000000,base_link,0.000253552396316,0.00674821110442,-0.0081619406119,0.00294454175405,-0.00699000629048,-0.000400964986738
342507000000,601,342507000000,base_link,0.000780796282925,0.00729788048193,-0.00843159575015,0.0027637005655,-0.00616805034598,0.00766075380937
342539000000,602,342539000000,base_link,0.000876487116329,0.00806723535061,-0.00795604195446,0.00428052585463,-0.00345081710232,-0.00556978345689
342571000000,603,342571000000,base_link,0.000895033415873,0.00858584139496,-0.00860754959285,0.00851895961282,-0.000755974607691,-0.00285010817057
342607000000,604,342607000000,base_link,0.000173789303517,0.0103248469532,-0.00924612395465,0.00348019966288,-0.00175464376893,-0.00221636905142
342639000000,605,342639000000,base_link,0.00138930778485,0.0104200635105,-0.00998824555427,0.00188625877672,-0.00176122234039,0.00275533869094
342671000000,606,342671000000,base_link,0.0019587893039,0.0104170348495,-0.0101519105956,-0.000584494245354,-0.00949290694056,-0.00238564319805
342707000000,607,342707000000,base_link,0.00196378631517,0.0118778273463,-0.00945570599288,0.00184348659239,0.00167694876523,0.00117150721831
342739000000,608,342739000000,base_link,0.00261576077901,0.0122204730287,-0.00978957023472,-0.00284100969893,-0.000909086867129,0.00317738148276
342771000000,609,342771000000,base_link,0.00233482755721,0.0123962387443,-0.00976002030075,0.000402222880564,0.000495520360924,0.00241909698473
342807000000,610,342806000000,base_link,0.0029533286579,0.0126822488382,-0.00973304826766,-0.0081959883426,-0.000783653026947,-0.00331382416022
342839000000,611,342839000000,base_link,0.00313531793654,0.0126929590479,-0.00962774176151,0.00328790625882,-0.00888979690551,0.00370378393899
342871000000,612,342871000000,base_link,0.0040330295451,0.0126491542906,-0.0092666791752,-0.00354779616061,-0.00275954746984,6.89765969004e-05
342907000000,613,342907000000,base_link,0.00454938504845,0.0122852697968,-0.00828237831593,0.0025324872881,-0.00676632680807,-0.000394390360949
342939000000,614,342939000000,base_link,0.00588418496773,0.0124478386715,-0.00851073209196,0.00291030441712,0.00516613103547,0.000940775936663
342971000000,615,342971000000,base_link,0.00615266570821,0.0126219177619,-0.00730529474095,0.000276402859587,-0.0086376427837,-0.00236855102945
343007000000,616,343007000000,base_link,0.0063514271751,0.0126389442012,-0.00624192040414,0.00264342541297,-0.00361493348037,-0.000847898678743
343039000000,617,343039000000,base_link,0.00701829604805,0.0125764543191,-0.00656945863739,0.00743069229123,-0.0053354670779,-0.00821217761044
343071000000,618,343071000000,base_link,0.00776405492797,0.0127321910113,-0.00776174059138,-0.0063767826195,-0.00592080062852,-0.00139389559434
343107000000,619,343107000000,base_link,0.00838035345078,0.0135475611314,-0.00752154318616,-0.000583940585652,-0.00432100206737,0.00617002885629
343139000000,620,343139000000,base_link,0.00864472426474,0.0141415102407,-0.00872454885393,0.00283340429044,-0.00200913093597,-0.00126994777938
343171000000,621,343171000000,base_link,0.00880609452724,0.0144078442827,-0.00813850853592,-0.00524558793554,-0.00973768982571,0.00329979996278
343207000000,622,343207000000,base_link,0.00833867117763,0.0155728356913,-0.00780224427581,0.00106313558954,-0.0064745809839,-0.00302095208375
343239000000,623,343239000000,base_link,0.00857907347381,0.0150227239355,-0.00707057211548,0.00188273987442,-0.00209059285813,-1.98645102563e-05
343271000000,624,343271000000,base_link,0.00844222120941,0.0150176240131,-0.00544002931565,-0.00160658938187,-0.00836525122993,0.00240317949822
343307000000,625,343307000000,base_link,0.00849154032767,0.0164473317564,-0.00567357754335,0.00572875468436,-0.00287595824786,0.0024255891718
343339000000,626,343339000000,base_link,0.00810658372939,0.0168386753649,-0.00542236957699,-0.000647435479712,-0.00551534504903,-0.00512172646197
343371000000,627,343371000000,base_link,0.00850655417889,0.0174886099994,-0.00536053581163,-0.00389523040502,-0.0144725262451,0.0054293252784
343407000000,628,343407000000,base_link,0.00807114224881,0.0176872778684,-0.00487272115424,-0.000190621713247,-0.00665539179454,0.000991462397941
343439000000,629,343439000000,base_link,0.00836591329426,0.0178642831743,-0.00421291030943,-0.00147729123757,-0.00685903491394,0.00355094847265
343471000000,630,343471000000,base_link,0.00846610032022,0.0187436565757,-0.00350080057979,0.000419330435228,-0.0118990034458,0.000994671360149
343507000000,631,343507000000,base_link,0.00923701282591,0.0191506352276,-0.00302805774845,-0.000805466277892,-0.00780630510111,0.00407385294555
343539000000,632,343539000000,base_link,0.00871872529387,0.0197717286646,-0.00409355852753,-0.00232530301943,-0.00348416633806,0.00203235816579
343571000000,633,343571000000,base_link,0.00904465932399,0.0203595645726,-0.00322237517685,5.63331854796e-06,-0.00122991754383,-0.00189907886326
343607000000,634,343607000000,base_link,0.00751067930833,0.0209565851837,-0.00245507364161,-0.000855627234868,-0.003140137432,0.00724843318098
343639000000,635,343639000000,base_link,0.00657405145466,0.0205229111016,-0.00210933666676,5.3338634398e-06,-0.00614749977904,-0.00316141174635
343671000000,636,343671000000,base_link,0.00582730444148,0.0217204727232,-0.00194771029055,0.00357591493627,-0.006175432089,-0.00262477984177
343707000000,637,343707000000,base_link,0.00496217980981,0.0218163151294,-0.00120492221322,-0.000437949234731,-0.0100880766235,-0.00425642367091
343739000000,638,343739000000,base_link,0.00493554072455,0.0213333461434,-0.000536568346433,-0.000841670202361,-0.00514006295179,0.00406960305991
343771000000,639,343771000000,base_link,0.00471975188702,0.0221207756549,-5.79270272283e-05,0.00538675979439,-0.00539945399359,-0.00857694139604
343807000000,640,343807000000,base_link,0.0042492649518,0.0218090545386,0.00110321398824,0.00409037169559,-0.0050149967081,0.00204056390161
343839000000,641,343839000000,base_link,0.00322515843436,0.0223107486963,0.00120851874817,0.0015143505323,-0.0111342079836,0.000794288724257
343871000000,642,343871000000,base_link,0.00299982121214,0.0237820502371,0.000811040576082,0.00069448923512,-0.00657310882139,-0.000506354193115
343907000000,643,343907000000,base_link,0.00252141500823,0.0232700444758,0.00105760863516,0.00367293523191,-0.00824448322653,-0.00107363373733
343939000000,644,343939000000,base_link,0.00210889754817,0.0235373508185,0.000806495139841,0.00371256414749,-0.000354521048428,0.00122182893974
343971000000,645,343971000000,base_link,0.00221844436601,0.0254058167338,0.000727777893189,0.00431757758576,-0.00327706815997,0.00384780632833
344007000000,646,344006000000,base_link,0.0017153529916,0.0265767499804,0.00190817529801,0.00336783500683,-0.00931656202202,-0.00414372754908
344039000000,647,344039000000,base_link,0.00118856306653,0.0275605451316,0.00269304658286,-0.00167340586622,-0.00503452324034,0.000167829772027
344071000000,648,344071000000,base_link,0.000896994955838,0.0272613409907,0.00212711677887,-8.24050641199e-05,-0.00722629114321,0.00070909429658
344107000000,649,344107000000,base_link,0.000579634914175,0.0271405596286,0.00260499329306,-0.00170226021391,-0.00873013982843,0.0036520882727
344139000000,650,344139000000,base_link,0.00147964747157,0.027543919161,0.00420974008739,0.00435427964451,-0.00724266784783,0.00124755041266
344171000000,651,344171000000,base_link,0.00214116321877,0.0277036968619,0.00505684874952,0.00241376296791,0.00273498187177,0.00507668052052
344207000000,652,344207000000,base_link,0.00279731326737,0.0293373055756,0.00517736189067,0.000371814787618,-0.00293734833492,0.00254063402158
344239000000,653,344239000000,base_link,0.00275074294768,0.0302063971758,0.005722227972,0.00117851550809,-0.00921594204527,0.00146409445889
344271000000,654,344271000000,base_link,0.00336962402798,0.0301610343158,0.00692549860105,0.00302525180552,-0.00227986145312,0.0037661029753
344307000000,655,344307000000,base_link,0.00463798223063,0.0298386830837,0.00734756840393,0.00138935157715,-0.00544661089632,-0.00329943319896
344339000000,656,344339000000,base_link,0.00458291498944,0.0302515663207,0.0074121938087,0.00492111244808,-0.00471382155488,0.00352085971242
344371000000,657,344371000000,base_link,0.00340132042766,0.0306005794555,0.00777755910531,0.00535301280568,-0.00774380967407,-0.00114349577797
344407000000,658,344407000000,base_link,0.00304759317078,0.0314744338393,0.0086210006848,-0.0022786299906,-0.00194921095404,0.00311340508076
344439000000,659,344439000000,base_link,0.00413588155061,0.0325784608722,0.00815266184509,0.0052091466843,-0.00862867461195,-0.00276147823642
344471000000,660,344471000000,base_link,0.00442541530356,0.0322576835752,0.00808414444327,0.00477021454366,-0.00301240827795,0.00322559435811
344507000000,661,344507000000,base_link,0.00394546985626,0.0334279574454,0.00959490425885,-0.00270590850162,-0.00329921618797,-0.00159009900293
344539000000,662,344539000000,base_link,0.00451440084726,0.0328673012555,0.00876082386822,0.000531617310827,-0.0068227186102,-0.00418099980112
344571000000,663,344571000000,base_link,0.00438896426931,0.0330364108086,0.00888674706221,-0.000377930717864,-0.00579921226737,0.000494620615517
344607000000,664,344607000000,base_link,0.00349136069417,0.0334150344133,0.00916977506131,-0.000195192032662,-0.00384717961001,-0.00324868278249
344639000000,665,344639000000,base_link,0.00320144044235,0.0340439490974,0.009457051754,0.00716096667784,-0.00192383879612,0.00468455875986
344671000000,666,344671000000,base_link,0.00282596913166,0.0344004295766,0.00940184481442,0.00195602245398,-0.00864564477453,-0.00559892536201
344707000000,667,344707000000,base_link,0.00352152436972,0.0338368006051,0.00905466917902,-0.00355227374195,-0.00648122944369,-0.000704068144818
344739000000,668,344739000000,base_link,0.00340873026289,0.0337102003396,0.00818454660475,0.000192485219953,-0.00749879520812,-0.00150166595075
344771000000,669,344771000000,base_link,0.00386153231375,0.0326363407075,0.00714458106086,-0.00356365545282,-0.00894375450609,0.00396348287675
344807000000,670,344807000000,base_link,0.00308009097353,0.0324896499515,0.00703378533944,-0.000728230943369,-0.0062417578823,-0.00165074855131
344839000000,671,344839000000,base_link,0.00194642064162,0.0330900289118,0.00690864212811,-0.00155018431693,-0.0110700445894,0.000834370075556
344871000000,672,344871000000,base_link,0.00097839278169,0.0332979932427,0.00626057432964,0.0027995827153,-0.00444700247784,0.00253046692868
344907000000,673,344907000000,base_link,0.000572774733882,0.0329172834754,0.00557500636205,-0.00182745770703,-0.00766684791565,0.000108175477798
344939000000,674,344939000000,base_link,0.000394178670831,0.0316657163203,0.00494765816256,0.0077730179408,-0.00508280286466,-0.00439355023101
344971000000,675,344971000000,base_link,-0.000428701314377,0.0309787280858,0.00450571067631,0.00454227891584,-0.00572277407224,0.00153402213788
345007000000,676,345007000000,base_link,-0.000165867444593,0.0288567245007,0.00479180365801,0.000492602231078,-0.00830850265759,0.000653649944676
345039000000,677,345039000000,base_link,-0.000516202358995,0.0273950882256,0.00371293653734,-0.00298084907971,-0.00699775999523,-0.00174619580054
345071000000,678,345071000000,base_link,-0.000420721480623,0.0265792533755,0.00331567670219,0.00391878229168,-0.00489970612579,0.00209316941211
345107000000,679,345107000000,base_link,-0.000828958116472,0.0260791890323,0.00289468560368,0.00315252776131,-0.00806128630267,0.00281977031903
345139000000,680,345139000000,base_link,-0.000169202292454,0.0250959247351,0.00333382491954,0.00297744002712,-0.00371572542738,0.00857425132468
345171000000,681,345171000000,base_link,-0.00137165666092,0.0226392820477,0.00278744660318,-0.00327031755847,-0.00765027712929,0.0040951684873
345207000000,682,345207000000,base_link,-0.00130626920145,0.0203018896282,0.00256822793745,0.00182723508386,-0.00741468912784,0.00338971301232
345239000000,683,345239000000,base_link,-0.00324289151467,0.0189984925091,0.011704149656,1.73399495734e-05,-0.0234552123915,0.000545833211789
345271000000,684,345271000000,base_link,-0.00754564255476,0.014118200168,0.0726118832827,0.0301923854741,-0.100387934988,0.00321667683973
345307000000,685,345307000000,base_link,-0.0079639935866,0.0129449395463,0.185796767473,0.184330240187,-0.282534982806,-0.00789460434142
345339000000,686,345339000000,base_link,-0.0118863647804,0.00991173367947,0.328290104866,0.135988834482,-0.249852234241,-0.00336812228599
345371000000,687,345371000000,base_link,-0.0185774955899,0.00379188614897,0.473798424006,0.103791217683,-0.209059612686,0.00419305119828
345407000000,688,345407000000,base_link,-0.0316922515631,-0.00370728992857,0.639313220978,0.0748524360548,-0.148748991149,-0.00413940163678
345439000000,689,345439000000,base_link,-0.0426731258631,-0.0105304624885,0.758495926857,0.0258955408701,-0.0650249426727,-0.00260733166918
345471000000,690,345471000000,base_link,-0.0555921420455,-0.0179598890245,0.873941063881,0.00472435957778,-0.0228259068756,-0.000645189364707
345507000000,691,345507000000,base_link,-0.068154476583,-0.0241226404905,0.989174425602,-0.0399393116683,0.0480318724814,-0.00317248374904
345539000000,692,345539000000,base_link,-0.07900518924,-0.0300966240466,1.10889995098,-0.0518329188457,0.0894272125851,0.00211675882146
345571000000,693,345571000000,base_link,-0.089402154088,-0.0354301966727,1.23364841938,-0.0702531635372,0.115904236832,4.47147610549e-05
345607000000,694,345607000000,base_link,-0.100059993565,-0.0405953377485,1.39159798622,-0.0746694171404,0.131044241955,0.00248420405459
345639000000,695,345639000000,base_link,-0.106022752821,-0.0445755422115,1.51743853092,-0.0712256641894,0.136663663547,-0.00749785611404
345671000000,696,345671000000,base_link,-0.110013701022,-0.0478437803686,1.63964855671,-0.0780780245986,0.131156304487,-0.000758127643259
345707000000,697,345707000000,base_link,-0.113098785281,-0.0489539951086,1.7626363039,-0.0760157939263,0.12208209052,0.000386706953154
345739000000,698,345739000000,base_link,-0.114220283926,-0.0487911477685,1.88317120075,-0.0553486631575,0.0956531163308,0.00105170171004
345771000000,699,345771000000,base_link,-0.114684671164,-0.0487470924854,1.96861732006,-0.0632904854253,0.0949288544247,0.0018581854982
345807000000,700,345807000000,base_link,-0.115926511586,-0.050289247185,1.9666608572,-0.0493150454239,0.0618778076748,-0.00405281804311
345839000000,701,345839000000,base_link,-0.118278294802,-0.0521790534258,1.89438068867,-0.0339595737763,0.0376487181779,0.00459817932021
345871000000,702,345871000000,base_link,-0.11995446682,-0.0534271784127,1.79592132568,-0.0410992427736,0.0339829623921,0.00187996554013
345907000000,703,345907000000,base_link,-0.121538840234,-0.0539756678045,1.69532942772,-0.0380648550426,0.0350015499914,0.000963127762187
345939000000,704,345939000000,base_link,-0.122058421373,-0.0542819611728,1.60866653919,-0.0444305405899,0.0431837266835,0.00229066783096
345971000000,705,345971000000,base_link,-0.121509984136,-0.0545371286571,1.53937661648,-0.0413879622536,0.0534270791754,-0.00400660544282
346007000000,706,346007000000,base_link,-0.119845703244,-0.054638851434,1.47084033489,-0.0403079715586,0.0502947450977,0.00291371860864
346039000000,707,346039000000,base_link,-0.118230894208,-0.0531134419143,1.42382526398,-0.0323418631406,0.0395287553504,0.00337571768157
346071000000,708,346071000000,base_link,-0.117070406675,-0.0505286082625,1.37722861767,-0.022641166546,0.0172146674199,0.00515774635832
346107000000,709,346107000000,base_link,-0.113764032722,-0.0493373796344,1.31473612785,-0.00242898811478,-0.00766380042163,0.0020997987586
346139000000,710,346139000000,base_link,-0.111729748547,-0.048241533339,1.27475726604,0.010128283298,-0.0165111366672,0.0112207931863
346171000000,711,346171000000,base_link,-0.107840806246,-0.0460460335016,1.22640800476,0.00932740244176,-0.0182267768141,0.00295244794053
346207000000,712,346207000000,base_link,-0.104020856321,-0.0443713441491,1.16896831989,0.00741635834354,-0.0236043172783,-0.000531396662319
346239000000,713,346239000000,base_link,-0.0998099818826,-0.041278142482,1.1256364584,0.00644737252766,-0.0255343023727,0.00243970210349
346271000000,714,346271000000,base_link,-0.0955511182547,-0.0387469232082,1.08408749104,0.00933671714418,-0.0224429033088,0.00230782227332
346307000000,715,346307000000,base_link,-0.0910899788141,-0.0362313464284,1.03771650791,0.00965407453796,-0.0305158876436,0.00213018076262
346339000000,716,346339000000,base_link,-0.0885828882456,-0.0349123701453,1.01188516617,0.0120857471067,-0.0289020108378,0.00185385681175
346371000000,717,346371000000,base_link,-0.0850403755903,-0.0332616083324,0.980201840401,0.00807363714155,-0.0260296658859,0.000891389610058
346407000000,718,346407000000,base_link,-0.0819266736507,-0.0301945339888,0.942761301994,0.00809323361248,-0.0238607299634,-0.00288971395147
346439000000,719,346439000000,base_link,-0.0791518613696,-0.0283806324005,0.915961742401,0.00482305682001,-0.021178316595,0.00366336110672
346471000000,720,346471000000,base_link,-0.0765882879496,-0.0254595335573,0.891666769981,0.00766417870188,-0.0224199586354,0.00174611652122
346507000000,721,346507000000,base_link,-0.0735071897507,-0.0234146136791,0.863093435764,0.0125291844213,-0.0268844580722,-0.00137505274998
346539000000,722,346539000000,base_link,-0.0720966383815,-0.0213997866958,0.8461586833,0.00617769047607,-0.0152759352094,-0.000675090831086
346571000000,723,346571000000,base_link,-0.0707655251026,-0.019551191479,0.822735607624,0.0054348431959,-0.00716710846398,0.00244339445469
346607000000,724,346607000000,base_link,-0.0701543614268,-0.0174416452646,0.792533516884,0.00998357668223,-0.00709771735613,-0.000501513241734
346639000000,725,346639000000,base_link,-0.0693215429783,-0.0155091704801,0.771001636982,0.0073915991987,-0.0026154642762,-0.00120797740755
346671000000,726,346671000000,base_link,-0.0682350173593,-0.0132107455283,0.751204133034,0.00765859049547,-0.000403367027602,0.00283812153285
346706000000,727,346707000000,base_link,-0.0675199627876,-0.0120005235076,0.726221501827,0.0149910647883,0.00258956433262,-0.00211838682472
346739000000,728,346739000000,base_link,-0.0655636191368,-0.0105569167063,0.712087869644,0.0128233782991,0.010711966155,-0.000329455891004
346771000000,729,346771000000,base_link,-0.063737988472,-0.00857370067388,0.69440895319,0.00883254001879,0.0104252966717,-0.000621791470162
346807000000,730,346807000000,base_link,-0.0631253495812,-0.00675302231684,0.674956798553,0.0114053848927,-0.00248971302757,-0.00311275127137
346839000000,731,346839000000,base_link,-0.061822745949,-0.00571768777445,0.659790635109,0.0151962378234,0.00270207428266,0.00305207844427
346871000000,732,346871000000,base_link,-0.0598848126829,-0.00446539046243,0.644015669823,0.0119136146565,0.000302101173003,0.00426134944916
346907000000,733,346907000000,base_link,-0.0582471527159,-0.00369224557653,0.623948156834,0.0182579934777,0.00525795153654,-0.00249954609627
346939000000,734,346939000000,base_link,-0.0559181831777,-0.0033089464996,0.611646473408,0.0133154703128,0.00282883688179,0.00151959641357
346971000000,735,346971000000,base_link,-0.0540720932186,-0.00181014882401,0.596009552479,0.00691959335188,0.000549973801821,-0.00149645444931
347007000000,736,347007000000,base_link,-0.0512452758849,-0.000721204036381,0.576441645622,0.00400634854722,-0.00183962945274,-0.00356518970248
347039000000,737,347039000000,base_link,-0.0469828881323,-0.00129474408459,0.560927510262,0.00762870075762,-0.0102142909002,0.000798111401738
347071000000,738,347071000000,base_link,-0.0443322956562,-6.96575298207e-05,0.547378063202,0.00730204671845,-0.0194434694868,0.0022480892149
347107000000,739,347107000000,base_link,-0.0398295484483,0.000597389007453,0.53167372942,0.00210571092309,-0.0163202463905,0.00209217716324
347139000000,740,347139000000,base_link,-0.037373740226,0.00140387413558,0.521022975445,0.0109933459257,-0.0226050522419,-0.00197374629109
347171000000,741,347171000000,base_link,-0.0332790240645,0.00206859572791,0.508149325848,0.010534517672,-0.0257641502317,-0.00411973974724
347207000000,742,347207000000,base_link,-0.0277737118304,0.00308399717323,0.495312958956,0.0110789092146,-0.0301856123255,-0.000962094101731
347239000000,743,347239000000,base_link,-0.0238904375583,0.00363231217489,0.484613090754,0.0125701289748,-0.031738634502,-0.00063471851126
347271000000,744,347271000000,base_link,-0.0215884689242,0.00371017516591,0.47263109684,0.00971482547466,-0.0365300990212,0.00480380608016
347307000000,745,347307000000,base_link,-0.0179750863463,0.00323878508061,0.459521263838,0.0142167546039,-0.040007535794,0.00349423161178
347339000000,746,347339000000,base_link,-0.0167821515352,0.00390409212559,0.43689545989,0.0133879059764,-0.037765489731,0.00158331321856
347371000000,747,347371000000,base_link,-0.0184027571231,0.00173078768421,0.307448029518,0.0551476383481,-0.0146271491283,0.0147478834312
347407000000,748,347407000000,base_link,-0.0221254620701,-0.000867351191118,0.116277873516,0.150505839137,0.136405234338,0.0341204572708
347439000000,749,347439000000,base_link,-0.0203601326793,-0.00407587224618,0.0196655411273,0.173167837518,0.387490825599,0.0648964996798
347471000000,750,347471000000,base_link,-0.0123107125983,-0.00796983763576,-0.0107680307701,0.155762499788,0.526682922766,0.0776541892917
347507000000,751,347507000000,base_link,0.00461710710078,-0.0141062047333,0.00394805660471,0.115937706881,0.735480405881,0.107582602125
347539000000,752,347539000000,base_link,0.0308607537299,-0.0209537576884,0.0309793315828,0.0872336400482,0.758754554296,0.105905121318
347571000000,753,347571000000,base_link,0.0659942850471,-0.029571833089,0.0515828728676,0.0688251031806,0.782338870302,0.0921501550093
347607000000,754,347607000000,base_link,0.117858238518,-0.0387424975634,0.0619845278561,0.00754809141138,0.753205891848,0.0767514160842
347639000000,755,347639000000,base_link,0.166210651398,-0.0459771417081,0.0584645010531,-0.0781614989552,0.647849652316,0.0716765106551
347671000000,756,347671000000,base_link,0.220360472798,-0.0534046925604,0.0504687689245,-0.156871709301,0.612299466081,0.0800532170109
347707000000,757,347707000000,base_link,0.282700181007,-0.0571270510554,0.042349845171,-0.328672273125,0.474323196378,0.110037145829
347739000000,758,347739000000,base_link,0.354320138693,-0.0566378124058,0.0438199564815,-0.484659644409,0.459451519762,0.135186010901
347771000000,759,347771000000,base_link,0.432005703449,-0.049917075783,0.045469045639,-0.468682236866,0.434032238139,0.132200077869
347807000000,760,347807000000,base_link,0.524392068386,-0.0375964492559,0.00942412484437,-0.377423251033,0.305954607425,0.118202019348
347839000000,761,347839000000,base_link,0.599736392498,-0.0234045814723,-0.0184092633426,-0.23986868464,0.27373875349,0.0840509562799
347871000000,762,347871000000,base_link,0.682182431221,-0.00684043485671,-0.0315045677125,-0.160345444732,0.263760772247,0.0697130649418
347907000000,763,347907000000,base_link,0.772883474827,0.0127645330504,-0.0288643036038,-0.00346303291496,0.214794265627,0.0278065418924
347939000000,764,347939000000,base_link,0.865989506245,0.0316835977137,-0.0226612575352,0.11893422406,0.14918929343,-0.0132127883094
347971000000,765,347971000000,base_link,0.951580166817,0.0479280427098,-0.0390587076545,0.0999410365561,0.0904468957575,-0.0017835755813
348007000000,766,348007000000,base_link,1.05782353878,0.0683466494083,-0.067482881248,-0.101606307898,0.0907008473055,0.051635918655
348039000000,767,348039000000,base_link,1.14594757557,0.0863765254617,-0.0818326026201,-0.158838948756,0.105145366749,0.0608366229073
348071000000,768,348071000000,base_link,1.23391795158,0.105527415872,-0.0921051949263,-0.130950150728,0.0944399691669,0.0533941116535
348107000000,769,348107000000,base_link,1.32153606415,0.12792353332,-0.106456622481,-0.0834305717491,0.0948060355132,0.0303377434873
348139000000,770,348139000000,base_link,1.41151320934,0.150953754783,-0.113711178303,-0.00569496092261,0.0680740158645,0.00728896348987
348171000000,771,348171000000,base_link,1.50155949593,0.172918230295,-0.116018049419,0.0428794987547,0.0962029013936,-0.00477906273608
348207000000,772,348207000000,base_link,1.61413753033,0.200263634324,-0.119729265571,0.122047523017,0.121459244094,-0.0358481324527
348239000000,773,348239000000,base_link,1.70655989647,0.219451695681,-0.118864923716,0.18918839047,0.0898487824706,-0.0632927403578
348271000000,774,348271000000,base_link,1.79856026173,0.237852945924,-0.117983855307,0.214303721133,0.0940801682998,-0.0669624003718
348307000000,775,348307000000,base_link,1.91189610958,0.255925774574,-0.123033568263,0.219571475164,0.0282160836827,-0.0707115536749
348339000000,776,348339000000,base_link,1.97906517982,0.265505820513,-0.12506711483,0.201469938238,0.0706846419191,-0.0771126997665
348371000000,777,348371000000,base_link,2.06806635857,0.275655120611,-0.128926247358,0.17940987905,0.0843917129523,-0.0759447756893
348407000000,778,348407000000,base_link,2.18130064011,0.286433815956,-0.13110396266,0.0335104937867,0.0609289769575,-0.0308179858022
348439000000,779,348439000000,base_link,2.271048069,0.296222120523,-0.129503384233,-0.289110412647,0.127444091959,0.0768055945147
348471000000,780,348471000000,base_link,2.35991239548,0.309545278549,-0.128574281931,-0.384454826385,0.125594281405,0.108291673431
348507000000,781,348507000000,base_link,2.45090961456,0.326945543289,-0.126477345824,-0.503289361873,0.0921273070645,0.160913229624
348539000000,782,348539000000,base_link,2.54107284546,0.351157128811,-0.124766372144,-0.576595098716,0.0772392292834,0.200182502374
348571000000,783,348571000000,base_link,2.62844085693,0.380862563848,-0.1233683303,-0.576178856067,0.0552387181328,0.207686419998
348607000000,784,348607000000,base_link,2.74247360229,0.427772462368,-0.114827901125,-0.616410902271,0.0877977359031,0.231736697118
348639000000,785,348639000000,base_link,2.83492398262,0.471833854914,-0.109147250652,-0.518740859403,0.102102347082,0.218598652563
348671000000,786,348671000000,base_link,2.92511940002,0.519238710403,-0.112298183143,-0.370176116893,0.07751851051,0.173790374739
348707000000,787,348707000000,base_link,3.01049423218,0.567248404026,-0.129349157214,-0.107395067358,0.0589867336701,0.0891935438241
348739000000,788,348739000000,base_link,3.09602952003,0.614885151386,-0.143119692802,0.161379532263,0.0487127110811,0.00186103475532
348771000000,789,348771000000,base_link,3.18325352669,0.662138283253,-0.150804057717,0.34493723334,0.0819483414132,-0.0790349019129
348807000000,790,348807000000,base_link,3.2950732708,0.713869273663,-0.154247879982,0.651284943529,0.138473598596,-0.220436247138
348839000000,791,348839000000,base_link,3.38815617561,0.746093928814,-0.152472808957,0.859200665838,0.113214030639,-0.311076727535
348871000000,792,348871000000,base_link,3.48253846169,0.767547190189,-0.148787692189,0.929975144481,0.119778488992,-0.35258553449
348907000000,793,348907000000,base_link,3.59409499168,0.780995965004,-0.154197111726,0.953984718133,0.0496524943296,-0.386811722603
348939000000,794,348939000000,base_link,3.66012072563,0.780353367329,-0.162937268615,0.924822251451,0.0703812097349,-0.406547104319
348971000000,795,348971000000,base_link,3.7461309433,0.769896626472,-0.179372176528,0.785758016535,0.0757951823318,-0.373462963023
349007000000,796,349007000000,base_link,3.85257673264,0.74782782793,-0.19806650281,0.321379944487,0.0628505270354,-0.222529115237
349039000000,797,349039000000,base_link,3.94014120102,0.728312432766,-0.207294002175,-0.143158526399,0.0692950856849,-0.0504638863785
349071000000,798,349071000000,base_link,4.03273820877,0.7093501091,-0.199810296297,-0.322547868217,0.0572887637491,0.0127830949372
349107000000,799,349107000000,base_link,4.12678766251,0.695933640003,-0.183725863695,-0.66473729201,0.109850713238,0.16482668615
349139000000,800,349139000000,base_link,4.21959781647,0.690107703209,-0.173717677593,-0.840330960137,0.106611560525,0.268193761845
349171000000,801,349171000000,base_link,4.31048250198,0.694863259792,-0.16779461503,-0.866345513574,0.0738935355652,0.299455639366
349207000000,802,349207000000,base_link,4.42545890808,0.714618086815,-0.153490945697,-0.809196899167,0.0893239643323,0.317314733373
349239000000,803,349239000000,base_link,4.51613616943,0.739203393459,-0.146897152066,-0.554309031499,0.08480532813,0.259825408973
349271000000,804,349271000000,base_link,4.60148477554,0.76861256361,-0.148783609271,-0.40650683527,0.0638945923853,0.219681555645
349307000000,805,349307000000,base_link,4.68323612213,0.800212919712,-0.15788795054,-0.108124515219,0.0592987259024,0.115794288036
349339000000,806,349339000000,base_link,4.7606215477,0.831205070019,-0.179603874683,0.19344576009,0.0635779453832,-0.00171182902879
349371000000,807,349371000000,base_link,4.84163475037,0.859280765057,-0.195314243436,0.3966603736,0.111566705389,-0.092382995835
349407000000,808,349406000000,base_link,4.94863367081,0.887753844261,-0.203330442309,0.682450760112,0.179417275157,-0.254289164288
349439000000,809,349439000000,base_link,5.03574562073,0.901750683784,-0.201463773847,0.807771546413,0.180753424395,-0.328485884626
349471000000,810,349471000000,base_link,5.12835788727,0.905073642731,-0.197207838297,0.871268083474,0.181898315188,-0.378947182766
349507000000,811,349507000000,base_link,5.21829748154,0.898400127888,-0.195765078068,0.85009192766,0.116074613935,-0.405918100577
349539000000,812,349539000000,base_link,5.30821275711,0.881219923496,-0.192060276866,0.8614401081,0.122544449428,-0.449689903438
349571000000,813,349571000000,base_link,5.39957284927,0.854674041271,-0.189179748297,0.832894869621,0.120999749593,-0.454441129484
349607000000,814,349607000000,base_link,5.50951957703,0.80848711729,-0.198801472783,0.667013844391,0.0857743687272,-0.415227856623
349639000000,815,349639000000,base_link,5.59248876572,0.765810668468,-0.220734372735,0.300368063677,0.112437166673,-0.263875786739
349671000000,816,349671000000,base_link,5.67533683777,0.720849335194,-0.242819651961,0.064382650031,0.115796449089,-0.164306996076
349707000000,817,349707000000,base_link,5.78707313538,0.663327276707,-0.250560224056,-0.373539120275,0.126895793122,0.0422684314801
349739000000,818,349739000000,base_link,5.85585832596,0.633153140545,-0.250824481249,-0.690561356726,0.134084446971,0.21686164626
349771000000,819,349771000000,base_link,5.95107126236,0.598886847496,-0.244244396687,-0.797737793113,0.117143632129,0.282753579023
349807000000,820,349807000000,base_link,6.08147716522,0.569687068462,-0.215468749404,-0.980699204733,0.139161369735,0.412435252774
349839000000,821,349839000000,base_link,6.18610715866,0.560991823673,-0.196244567633,-1.03300638208,0.099230588787,0.50817340867
349871000000,822,349871000000,base_link,6.28837919235,0.565375089645,-0.182509809732,-0.98674693226,0.0533720515224,0.511889147236
349907000000,823,349907000000,base_link,6.40766906738,0.587633788586,-0.183093443513,-0.913463973499,-0.0162055861164,0.533723102372
349939000000,824,349939000000,base_link,6.47381734848,0.607404172421,-0.188803091645,-0.566294671703,-0.0559172492051,0.399145562038
349971000000,825,349970000000,base_link,6.55616140366,0.638411223888,-0.209820061922,-0.313723662032,-0.0367841149839,0.289754157258
350007000000,826,350007000000,base_link,6.6559586525,0.677197933197,-0.24556492269,0.185944030961,0.0161918582264,0.061899742873
350039000000,827,350039000000,base_link,6.74077939987,0.705637097359,-0.261610090733,0.554578930153,0.0885909292162,-0.130088379479
350071000000,828,350071000000,base_link,6.83257102966,0.729256868362,-0.261330515146,0.682792309883,0.120535030304,-0.216126305173
350107000000,829,350107000000,base_link,6.92576313019,0.744904398918,-0.255364954472,0.836345978732,0.133176548289,-0.337161402986
350139000000,830,350139000000,base_link,7.0202627182,0.749637007713,-0.246488645673,0.948011731048,0.0844491227487,-0.447184815526
350171000000,831,350171000000,base_link,7.11381006241,0.741227149963,-0.24131347239,0.959228152464,0.0394682065366,-0.488987667763
350207000000,832,350207000000,base_link,7.22536849976,0.717138230801,-0.2453571558,0.892270192118,-0.212715130467,-0.5017928007
350239000000,833,350239000000,base_link,7.30310583115,0.685930073261,-0.262884140015,0.852571993335,-0.625028808354,-0.535901368398
350271000000,834,350271000000,base_link,7.36734437943,0.645828425884,-0.286872774363,0.794724902341,-0.803573837742,-0.527116681968
350307000000,835,350307000000,base_link,7.42797613144,0.584728717804,-0.3181861341,0.617252088912,-1.0534293693,-0.489959894774
350339000000,836,350339000000,base_link,7.45303726196,0.544576108456,-0.335985153913,0.255922031344,-1.17372120035,-0.369498148529
350371000000,837,350371000000,base_link,7.47840452194,0.488017559052,-0.350958317518,0.0327345989042,-1.09408140494,-0.287111088213
350407000000,838,350407000000,base_link,7.49590587616,0.418291836977,-0.355402112007,-0.500418454554,-0.641253879345,-0.0477304037612
350439000000,839,350439000000,base_link,7.50663232803,0.368306100368,-0.346423655748,-0.849515195165,-0.160107832324,0.121779025764
350471000000,840,350471000000,base_link,7.52163314819,0.324182003736,-0.312032788992,-0.814985204101,0.067882494524,0.147210975478
350507000000,841,350507000000,base_link,7.53769302368,0.289775490761,-0.278978735209,-0.578381816548,0.403737096029,0.143919978967
350539000000,842,350539000000,base_link,7.55872869492,0.261311918497,-0.253198772669,-0.281979752077,0.568463055324,0.0771880745936
350571000000,843,350571000000,base_link,7.59058570862,0.237762004137,-0.208479434252,-0.0762594797397,0.626572675559,-0.000332149805382
350607000000,844,350607000000,base_link,7.63345527649,0.204134389758,-0.168152287602,0.208891300826,0.689359784712,-0.1209072292
350639000000,845,350639000000,base_link,7.66878032684,0.175135970116,-0.156801119447,0.349134244182,0.585699553981,-0.201136317813
350671000000,846,350671000000,base_link,7.70825052261,0.1433711797,-0.158250793815,0.413239132304,0.526343276008,-0.244278216456
350707000000,847,350707000000,base_link,7.75138044357,0.105243436992,-0.160810932517,0.435998715784,0.419390261934,-0.296760925541
350739000000,848,350739000000,base_link,7.79170084,0.0619950927794,-0.170992463827,0.453010413215,0.215297944323,-0.359046445371
350770000000,849,350770000000,base_link,7.8303604126,0.0154738044366,-0.196966066957,0.407990462162,0.115653926162,-0.360274415717
350807000000,850,350807000000,base_link,7.88507556915,-0.0494939908385,-0.219795584679,0.107510170548,0.0280210380349,-0.276928826911
350839000000,851,350839000000,base_link,7.92701053619,-0.101968064904,-0.239610180259,-0.350788989239,-0.0598206553437,-0.120181768458
350871000000,852,350871000000,base_link,7.96929645538,-0.148304954171,-0.255928903818,-0.546080078293,-0.0672644558759,-0.0458243795131
350907000000,853,350907000000,base_link,8.01325511932,-0.188919648528,-0.265931814909,-0.838091726997,-0.0403571163291,0.0813896424902
350939000000,854,350939000000,base_link,8.05641174316,-0.221450284123,-0.272717356682,-1.01679218114,-0.130694945307,0.171972081238
350971000000,855,350971000000,base_link,8.09711170197,-0.242043524981,-0.279712498188,-1.05292562392,-0.237337849803,0.191389508868
351007000000,856,351007000000,base_link,8.1406955719,-0.252201735973,-0.289494603872,-1.13429259492,-0.441136496355,0.254456958277
351039000000,857,351039000000,base_link,8.16771602631,-0.246306627989,-0.29193636775,-1.12503079345,-0.656123141983,0.286003478628
351071000000,858,351071000000,base_link,8.18468570709,-0.229358106852,-0.291365027428,-1.08652980728,-0.733083696685,0.285376636663
351107000000,859,351107000000,base_link,8.1913766861,-0.199552416801,-0.292916625738,-0.985034921905,-0.859283020348,0.269750814622
351139000000,860,351139000000,base_link,8.18811893463,-0.162646606565,-0.305355101824,-0.635692450376,-0.763604372925,0.172886171243
351171000000,861,351171000000,base_link,8.17729854584,-0.120077773929,-0.311042100191,-0.367223223643,-0.690914710173,0.152991419724
351207000000,862,351207000000,base_link,8.15988349915,-0.059083417058,-0.28935867548,0.162298485656,-0.455417437527,0.117881534005
351239000000,863,351239000000,base_link,8.13536930084,-0.0168938916177,-0.279599785805,0.635403483416,-0.133170306895,0.0526664546007
351271000000,864,351271000000,base_link,8.10696792603,0.0166861563921,-0.27808406949,0.841075401319,-0.0243292794291,0.0137478483836
351307000000,865,351307000000,base_link,8.08469200134,0.0443131923676,-0.236773356795,1.06986738971,0.20733611145,-0.060494983135
351339000000,866,351339000000,base_link,8.07014560699,0.0610989406705,-0.185310840607,1.20480138514,0.538332173349,-0.133305194752
351371000000,867,351371000000,base_link,8.06080436707,0.0636226758361,-0.148293420672,1.20798589719,0.61655004883,-0.152477099796
351407000000,868,351407000000,base_link,8.05528831482,0.0473559983075,-0.130873277783,1.11638889405,0.567848092176,-0.170610149724
351439000000,869,351439000000,base_link,8.05821037292,0.0221509616822,-0.121322974563,0.965398937822,0.47503004899,-0.158411228184
351471000000,870,351471000000,base_link,8.06701183319,-0.00977541599423,-0.116598188877,0.822191811179,0.459131524082,-0.135401491592
351507000000,871,351507000000,base_link,8.0807094574,-0.0491084195673,-0.114930219948,0.472467361126,0.354930452298,-0.0736738152159
351539000000,872,351539000000,base_link,8.09587097168,-0.0909159183502,-0.119001716375,0.135512293235,0.129952752683,-0.093353813095
351571000000,873,351571000000,base_link,8.10903930664,-0.131169766188,-0.143516346812,0.0117670627043,0.0670762585636,-0.0913986023468
351607000000,874,351607000000,base_link,8.12550163269,-0.179682716727,-0.172921836376,-0.367129462483,0.0931416481146,-0.0230779271603
351639000000,875,351639000000,base_link,8.1429233551,-0.214509159327,-0.185509055853,-0.452759469836,0.0862529437435,-0.0116277327706
351671000000,876,351671000000,base_link,8.16361904144,-0.245403721929,-0.191557958722,-0.525547289139,0.123725027902,0.0177732436562
351707000000,877,351707000000,base_link,8.18503665924,-0.269788920879,-0.194433525205,-0.698940855384,0.0395686420171,0.0706885387216
351739000000,878,351739000000,base_link,8.21060943604,-0.286614537239,-0.195940807462,-0.800014058023,0.00349777834735,0.126215167002
351771000000,879,351771000000,base_link,8.23832416534,-0.293749183416,-0.199396163225,-0.881622985942,-0.028704670422,0.147369360965
351807000000,880,351807000000,base_link,8.26883125305,-0.29034486413,-0.208714872599,-0.937394408727,-0.0363024166615,0.179306079907
351839000000,881,351839000000,base_link,8.28884792328,-0.277426660061,-0.230266451836,-0.671260962779,-0.167152111119,0.132756010192
351871000000,882,351871000000,base_link,8.30525112152,-0.260086745024,-0.258782744408,-0.453507952106,-0.293707070688,0.083576643502
351907000000,883,351907000000,base_link,8.31879997253,-0.239453613758,-0.278743624687,-0.00610374650255,-0.420113906302,-0.030428882825
351939000000,884,351939000000,base_link,8.33153343201,-0.220416411757,-0.288073897362,0.423164523254,-0.486678997219,-0.139114556019
351971000000,885,351971000000,base_link,8.34184837341,-0.204867690802,-0.288789331913,0.557280553252,-0.520256803053,-0.145078144931
352007000000,886,352007000000,base_link,8.35005283356,-0.194122552872,-0.264010667801,0.722589376394,-0.444279922196,-0.115958782831
352039000000,887,352039000000,base_link,8.35001564026,-0.194997683167,-0.245189681649,0.91075977195,-0.333006488781,-0.138726195565
352071000000,888,352071000000,base_link,8.34568595886,-0.205871969461,-0.229114294052,0.945631527789,-0.326312885777,-0.141876468795
352107000000,889,352107000000,base_link,8.33710098267,-0.227225869894,-0.20611076057,0.925657733013,-0.219916349223,-0.1333334321
352139000000,890,352139000000,base_link,8.32615661621,-0.25866651535,-0.187797814608,0.844057105397,-0.0728661587212,-0.115601332777
352171000000,891,352171000000,base_link,8.31572914124,-0.298432946205,-0.174185618758,0.79056785063,-0.0518079858398,-0.139046654302
352207000000,892,352207000000,base_link,8.30217552185,-0.358903318644,-0.158747553825,0.756147923892,0.00331995102351,-0.230220568449
352239000000,893,352239000000,base_link,8.28803253174,-0.4146232903,-0.156461119652,0.613762547609,0.0792605043471,-0.287012790691
352271000000,894,352271000000,base_link,8.2705745697,-0.475388079882,-0.161678060889,0.411832807774,0.0780783025238,-0.276551620837
352307000000,895,352307000000,base_link,8.25054550171,-0.553285598755,-0.162575513124,-0.140141903931,0.140202366079,-0.177594714833
352339000000,896,352339000000,base_link,8.24211502075,-0.599157571793,-0.158372893929,-0.590402709929,0.281264664169,-0.0666487256572
352371000000,897,352371000000,base_link,8.23485851288,-0.652717113495,-0.149557888508,-0.791576585366,0.316815079363,-0.0106157279598
352407000000,898,352407000000,base_link,8.23166751862,-0.706964433193,-0.1317987293,-1.08544681751,0.372222489185,0.094672233928
352439000000,899,352439000000,base_link,8.23476600647,-0.737585246563,-0.116916559637,-1.19484376202,0.414242515023,0.168878068767
352471000000,900,352471000000,base_link,8.24081897736,-0.755282700062,-0.105873592198,-1.20182079403,0.360433497778,0.184066120625
352507000000,901,352507000000,base_link,8.24812316895,-0.759791135788,-0.0990882739425,-1.13800528151,0.268244454708,0.208648712577
352539000000,902,352539000000,base_link,8.26164245605,-0.75085914135,-0.088600859046,-1.08130874366,0.295214794454,0.234149785311
352571000000,903,352571000000,base_link,8.27856349945,-0.729674220085,-0.0825079977512,-1.04684216109,0.255262751507,0.234651465108
352607000000,904,352607000000,base_link,8.29489898682,-0.695400714874,-0.116272553802,-0.730014106659,0.0411163264605,0.178213169529
352639000000,905,352639000000,base_link,8.30498313904,-0.663774907589,-0.156189903617,-0.290751360976,-0.219958256246,0.0832773269577
352670000000,906,352670000000,base_link,8.3120508194,-0.628106117249,-0.190564289689,-0.0393186472909,-0.365236835023,0.0499904304614
352707000000,907,352707000000,base_link,8.31499481201,-0.593712508678,-0.214257970452,0.247996418539,-0.586372645981,0.0797596694624
352739000000,908,352739000000,base_link,8.31553268433,-0.559969007969,-0.223370090127,0.430374419331,-0.625357581282,0.069816093184
352771000000,909,352771000000,base_link,8.31247234344,-0.530728399754,-0.220589846373,0.511176564727,-0.58924042592,0.0482682249196
352807000000,910,352807000000,base_link,8.30289268494,-0.500083208084,-0.200178593397,0.589193519587,-0.312777458392,0.02748083114
352839000000,911,352839000000,base_link,8.29020214081,-0.484402567148,-0.184781134129,0.567212673062,0.0125540754968,0.0138923718072
352871000000,912,352871000000,base_link,8.27730464935,-0.473236769438,-0.172336816788,0.527220025284,0.0816555077074,0.0226233269292
352907000000,913,352907000000,base_link,8.26696681976,-0.466390609741,-0.154726535082,0.439696013659,0.188426748695,0.0315615638126
352939000000,914,352939000000,base_link,8.25888347626,-0.46494281292,-0.140706449747,0.350383046589,0.272464292478,0.0516343911376
352971000000,915,352971000000,base_link,8.25588321686,-0.466440677643,-0.130842640996,0.316750985446,0.269226411654,0.0622518769173
353007000000,916,353007000000,base_link,8.25454235077,-0.471800476313,-0.120489314198,0.279803019632,0.262051676493,0.0696378497875
353039000000,917,353039000000,base_link,8.25774478912,-0.479294925928,-0.110820144415,0.265150829706,0.23643785989,0.0844626171779
353071000000,918,353071000000,base_link,8.26328277588,-0.489860147238,-0.10309419781,0.29683531962,0.185581066115,0.0748470694312
353107000000,919,353107000000,base_link,8.26819515228,-0.502610385418,-0.10057721287,0.353636904101,0.0658184405566,0.0560322432092
353139000000,920,353139000000,base_link,8.2710313797,-0.517174959183,-0.107443273067,0.51064039613,-0.0284467932095,0.0279371612813
353171000000,921,353171000000,base_link,8.27352046967,-0.537610769272,-0.115043856204,0.557407129798,-0.0336063573847,0.00484888169027
353207000000,922,353207000000,base_link,8.28182697296,-0.571816325188,-0.116347171366,0.60692465981,-0.0256738556527,-0.0253964618734
353239000000,923,353239000000,base_link,8.29172420502,-0.607032716274,-0.113970972598,0.653945960499,-0.116238454428,-0.140621388878
353271000000,924,353271000000,base_link,8.29782390594,-0.645982861519,-0.120337404311,0.628489348526,-0.122127321809,-0.185412524703
353307000000,925,353307000000,base_link,8.30287075043,-0.702965795994,-0.134175300598,0.34421995124,-0.0180263666112,-0.199015412795
353339000000,926,353339000000,base_link,8.30338478088,-0.737922132015,-0.142942398787,-0.0848223112172,0.00689480273284,-0.146303712999
353371000000,927,353371000000,base_link,8.30552577972,-0.784003734589,-0.149965703487,-0.301236243627,0.0386634818996,-0.108017081614
353407000000,928,353407000000,base_link,8.31185722351,-0.834967136383,-0.153501346707,-0.678877893835,0.12226238282,-0.0118134346459
353439000000,929,353439000000,base_link,8.31986236572,-0.866543531418,-0.153129041195,-0.962114206804,0.0820771848479,0.0638395408702
353471000000,930,353471000000,base_link,8.33112716675,-0.8876080513,-0.142139032483,-1.02790642638,0.107761474514,0.105358132031
353507000000,931,353507000000,base_link,8.34427452087,-0.899820268154,-0.12725636363,-1.097853648,0.155621860878,0.153256286659
353539000000,932,353539000000,base_link,8.35342884064,-0.897045910358,-0.122404120862,-1.04357271928,0.0607935456387,0.178052316407
353571000000,933,353571000000,base_link,8.36543273926,-0.885197460651,-0.118033610284,-1.01676582456,0.0381520824703,0.184857824135
353607000000,934,353607000000,base_link,8.38181781769,-0.854581296444,-0.116286642849,-0.945454590968,0.0283799063752,0.188998191193
353639000000,935,353639000000,base_link,8.39586448669,-0.821415603161,-0.116346791387,-0.838873709122,-0.0633802742343,0.255548016676
353671000000,936,353671000000,base_link,8.40630817413,-0.779866218567,-0.121350698173,-0.80436752837,-0.0851033315765,0.299610609547
353707000000,937,353707000000,base_link,8.41202068329,-0.732594549656,-0.13565826416,-0.530870170759,-0.143778416723,0.322745463243
353739000000,938,353739000000,base_link,8.41366958618,-0.679514825344,-0.151524439454,0.0311741755289,-0.311886015604,0.262256416174
353771000000,939,353771000000,base_link,8.41364765167,-0.626582205296,-0.155618742108,0.312763241301,-0.34781413937,0.20747746757
353807000000,940,353807000000,base_link,8.40914916992,-0.566941142082,-0.156599000096,0.726515901273,-0.331910763067,0.114018787824
353839000000,941,353839000000,base_link,8.40242004395,-0.526158571243,-0.153858229518,1.00319798885,-0.326690335054,0.0266256553646
353871000000,942,353871000000,base_link,8.39388751984,-0.495900005102,-0.136500447989,1.0759804916,-0.271002659017,-0.00758272859982
353907000000,943,353907000000,base_link,8.3808965683,-0.478065997362,-0.129937633872,0.977044507641,-0.026830361342,-0.0391174650189
353939000000,944,353939000000,base_link,8.36373233795,-0.468818902969,-0.134848445654,0.596522559352,0.0739158540809,0.00387876443707
353971000000,945,353971000000,base_link,8.3502368927,-0.463466346264,-0.132525667548,0.374650582182,0.130682112012,0.0319457514938
354007000000,946,354007000000,base_link,8.3372592926,-0.461268424988,-0.117547400296,-0.089239868123,0.191759585337,0.121645125032
354039000000,947,354039000000,base_link,8.33111858368,-0.456682622433,-0.100386768579,-0.390157077347,0.266822002722,0.199434593464
354071000000,948,354071000000,base_link,8.3272485733,-0.446870476007,-0.0844573676586,-0.498093980549,0.307706150932,0.23929847655
354107000000,949,354107000000,base_link,8.32555198669,-0.424954921007,-0.0716051906347,-0.625617825621,0.348258194117,0.29951133559
354139000000,950,354139000000,base_link,8.32522201538,-0.406392544508,-0.0693666115403,-0.633201472337,0.242134826504,0.34714917852
354171000000,951,354171000000,base_link,8.32804107666,-0.376044243574,-0.0673399567604,-0.639754016544,0.195397462196,0.371188291432
354207000000,952,354207000000,base_link,8.33779716492,-0.328096210957,-0.0639851540327,-0.618773723764,0.172689778373,0.392970314798
354239000000,953,354239000000,base_link,8.34621715546,-0.281238853931,-0.0688035190105,-0.463108259313,0.0602163548798,0.377954733681
354271000000,954,354271000000,base_link,8.352891922,-0.232605203986,-0.0840842649341,-0.313059825434,0.0350465683992,0.359746328008
354307000000,955,354307000000,base_link,8.35786533356,-0.168551802635,-0.10391497612,0.0639794875925,0.0173534903855,0.263795123279
354339000000,956,354339000000,base_link,8.36079406738,-0.130901128054,-0.113608725369,0.519188142992,-0.0291772061903,0.144544319602
354371000000,957,354371000000,base_link,8.36511516571,-0.0851004421711,-0.121812090278,0.69596143175,-0.0232661441869,0.0883274387726
354407000000,958,354407000000,base_link,8.37501907349,-0.0381376929581,-0.123960912228,0.939290598364,0.0192749866912,-0.019455258368
354439000000,959,354439000000,base_link,8.38397502899,-0.0120096253231,-0.121827095747,1.1071415869,-0.00570642869953,-0.158182855834
354471000000,960,354471000000,base_link,8.39268302917,0.00158028129954,-0.118364185095,1.10773321265,0.0159991986121,-0.191007636944
354507000000,961,354507000000,base_link,8.39953041077,0.00660397065803,-0.118570543826,0.846329911635,-0.0475395607617,-0.216039178116
354539000000,962,354539000000,base_link,8.40463066101,0.00185075518675,-0.120621852577,0.431831892049,-0.063400000842,-0.169405330253
354571000000,963,354570000000,base_link,8.40908241272,-0.00737941684201,-0.124555893242,0.224512010462,-0.0567981963639,-0.134244206895
354607000000,964,354607000000,base_link,8.41506099701,-0.0196924861521,-0.132662400603,-0.220196292012,-0.0815375803969,-0.0315249365849
354639000000,965,354639000000,base_link,8.42016029358,-0.0247054025531,-0.136342808604,-0.548045331889,-0.155080494546,0.0538281950218
354671000000,966,354671000000,base_link,8.42457008362,-0.023823203519,-0.131636545062,-0.644993243972,-0.126365116317,0.0942506203491
354707000000,967,354707000000,base_link,8.4276971817,-0.0154644269496,-0.123874731362,-0.745197216281,-0.0625620686202,0.159927135764
354739000000,968,354738000000,base_link,8.42912578583,-2.22974922508e-05,-0.119024083018,-0.583061591464,-0.0795362363191,0.157520812628
354771000000,969,354771000000,base_link,8.42876529694,0.0199218224734,-0.116286061704,-0.400427436304,-0.0780954383237,0.126674387579
354807000000,970,354807000000,base_link,8.42884254456,0.0481384657323,-0.118732370436,-0.0539601082687,-0.0183486076467,0.0697629992701
354839000000,971,354839000000,base_link,8.42945098877,0.069471731782,-0.121619649231,0.311404114155,-0.035227888488,-0.0190615361199
354871000000,972,354871000000,base_link,8.42912960052,0.0877409726381,-0.120563305914,0.45512007355,-0.01348413391,-0.0525788155025
354907000000,973,354907000000,base_link,8.4287519455,0.0997257083654,-0.11940535903,0.576795869748,0.0318028270098,-0.0994402087688
354939000000,974,354939000000,base_link,8.42702102661,0.10583512485,-0.118491604924,0.551149500076,-0.00828363497323,-0.125428508308
354971000000,975,354971000000,base_link,8.42359161377,0.105644576252,-0.115860231221,0.464772592025,-0.00512698382131,-0.125965282149
355007000000,976,355007000000,base_link,8.42412471771,0.10004927218,-0.115599617362,0.229413305058,0.0234846377038,-0.0880332222466
355039000000,977,355039000000,base_link,8.42466068268,0.0939594060183,-0.11662568897,-0.0244083815585,-0.0172330978566,-0.0476011287264
355071000000,978,355071000000,base_link,8.42582035065,0.0881552919745,-0.117168731987,-0.128574417949,0.00148307760531,-0.0165201536474
355107000000,979,355107000000,base_link,8.42460632324,0.0830638259649,-0.117390111089,-0.239154007507,0.0100787118274,0.0142325353758
355139000000,980,355139000000,base_link,8.4221572876,0.080952398479,-0.119965724647,-0.299792278799,-0.0707793721086,0.0445108766588
355171000000,981,355171000000,base_link,8.41986942291,0.0822748020291,-0.117774121463,-0.285623553103,-0.0642252523897,0.0549654971636
355207000000,982,355207000000,base_link,8.41816997528,0.0862927138805,-0.117300845683,-0.18235388945,-0.0131347825471,0.0399196153043
355239000000,983,355239000000,base_link,8.41833400726,0.0909374579787,-0.118622578681,-0.0599557184642,-0.0551235869753,0.0319521487715
355271000000,984,355271000000,base_link,8.41799068451,0.097359508276,-0.118517182767,-0.000275636935933,-0.0234798606494,0.0229089485195
355307000000,985,355307000000,base_link,8.41658782959,0.10249684751,-0.120170712471,0.0994541760456,0.0578581509681,-0.00873604195081
355339000000,986,355339000000,base_link,8.41644001007,0.10473202914,-0.121701397002,0.159825170362,0.0665223147163,-0.0252193030228
355371000000,987,355371000000,base_link,8.41577243805,0.106911666691,-0.123613089323,0.168754389677,0.0250120005349,-0.0335288826751
355407000000,988,355407000000,base_link,8.41383457184,0.106960661709,-0.12519544363,0.149068936704,0.0189393700171,-0.0382799977934
355439000000,989,355439000000,base_link,8.41091442108,0.105494484305,-0.128457099199,0.0883719352432,0.0180047057142,-0.0278789471504
355471000000,990,355471000000,base_link,8.4050579071,0.101924397051,-0.134308636189,0.0633164449707,-0.0220182812689,-0.0301434108317
355507000000,991,355507000000,base_link,8.3979511261,0.0984392240644,-0.13815626502,0.00480531902071,-0.0376614682921,-0.0213930362757
355539000000,992,355539000000,base_link,8.3959569931,0.0959374383092,-0.141019165516,-0.0431396777321,0.00270715372203,-0.00049147475141
355571000000,993,355571000000,base_link,8.3931350708,0.0915706157684,-0.148041605949,-0.0583192803182,-0.0209420850926,-0.000950170747115
355607000000,994,355607000000,base_link,8.38985729218,0.0898237675428,-0.155066043139,-0.0716305500449,-0.00174925707902,0.00912522039479
355639000000,995,355639000000,base_link,8.38674259186,0.0874392911792,-0.159270972013,-0.0560985886905,0.0611613672116,0.0133971635479
355671000000,996,355671000000,base_link,8.38236713409,0.0867715328932,-0.165891379118,-0.0535152378186,0.0414242015018,0.00934018696066
355707000000,997,355707000000,base_link,8.37846565247,0.086735367775,-0.174683883786,-0.0272114972209,0.0188701751858,0.00706230043036
355739000000,998,355739000000,base_link,8.37597465515,0.0869676396251,-0.184257522225,-0.00658530439041,0.0300186573037,0.00312434611804
355771000000,999,355771000000,base_link,8.37334060669,0.0865122675896,-0.198735266924,0.00825577542284,0.00636000162899,-0.00250825580976
355807000000,1000,355807000000,base_link,8.36968326569,0.0860944390297,-0.225409030914,0.0254568818922,-0.0383274110826,0.000750712367051
355839000000,1001,355839000000,base_link,8.36474514008,0.0837514922023,-0.252180278301,0.0358383452686,-0.0512525786073,-0.00373329520681
355871000000,1002,355871000000,base_link,8.35647106171,0.0805401280522,-0.289689660072,0.0357385182226,-0.0845038837295,-0.0115821482955
355907000000,1003,355907000000,base_link,8.3472328186,0.078532166779,-0.329539239407,0.0167502249976,-0.136764179181,-0.00421546035218
355939000000,1004,355939000000,base_link,8.33807373047,0.0747712850571,-0.360063105822,-0.00629795785029,-0.145502225874,-0.00289921009588
355971000000,1005,355971000000,base_link,8.33233165741,0.0713425427675,-0.374229133129,-0.0134336049068,-0.173720308783,0.00762337790104
