343109000000,619,343109000000,base_link,-0.0902517959476,-0.0365689247847,1.01489806175,-0.00966075274716,-0.0241302336083,0.00850566189888
343141000000,620,343141000000,base_link,-0.0883345231414,-0.0352077893913,0.981405556202,-0.00799263292765,-0.0176050614919,-0.000155035175003
343173000000,621,343173000000,base_link,-0.0865845754743,-0.0340384468436,0.951009511948,-0.0149740096764,-0.0238014653685,0.00382099103985
343209000000,622,343209000000,base_link,-0.0847930088639,-0.0316321067512,0.91261279583,0.000740631801919,-0.0105368450454,-0.00728678813405
343241000000,623,343241000000,base_link,-0.0829932466149,-0.0312026385218,0.882368922234,0.000696420701352,-0.000572097993594,4.51437546217e-05
343273000000,624,343273000000,base_link,-0.081653252244,-0.0301735457033,0.854945659637,-0.00227890606318,-0.00701216350372,0.00318482816155
343309000000,625,343309000000,base_link,-0.0799861252308,-0.0276593565941,0.827000558376,0.00328702398219,0.00236113051127,0.00253443495439
343341000000,626,343341000000,base_link,-0.0783500894904,-0.0260722674429,0.799949407578,-0.00919939245219,0.00229859232907,-0.00495033457025
343373000000,627,343373000000,base_link,-0.0757365897298,-0.0241187792271,0.773406744003,-0.00827672359793,-0.00405178280087,0.00523125932424
343409000000,628,343409000000,base_link,-0.0732789710164,-0.0222111567855,0.74372035265,0.00190040744918,0.00757923815434,-1.06505375301e-05
343440000000,629,343441000000,base_link,-0.070281535387,-0.0206232480705,0.721930921078,-0.00111389974156,0.000795284837314,0.0025314832146
343473000000,630,343473000000,base_link,-0.0674093589187,-0.0183064080775,0.701085925102,0.00292585084356,-0.0072405048259,-0.000536338630221
343509000000,631,343509000000,base_link,-0.0638259649277,-0.0164493378252,0.681629478931,-0.000590290659891,-0.00346584378194,0.00227932852389
343541000000,632,343541000000,base_link,-0.0613164976239,-0.01435261406,0.661637485027,0.00161170437197,-0.00507947290595,0.000297313304874
343573000000,633,343573000000,base_link,-0.0578753091395,-0.0122816190124,0.644680559635,0.00560355702882,-0.00839042109392,-0.00392652841174
343609000000,634,343609000000,base_link,-0.0556291565299,-0.00988583359867,0.625576257706,0.00648290836289,-0.0121785620603,0.00601180514888
343641000000,635,343641000000,base_link,-0.0534512586892,-0.00893110968173,0.610614180565,0.00652943253737,-0.014768939861,-0.00409438889518
343673000000,636,343673000000,base_link,-0.051146838814,-0.00639873929322,0.595301806927,0.0109961713134,-0.00988691084698,-0.00359334077569
343709000000,637,343709000000,base_link,-0.0491092167795,-0.00506287114695,0.58135843277,0.00338323193759,-0.0131860839864,-0.00454149094255
343741000000,638,343741000000,base_link,-0.0457931272686,-0.0042087729089,0.568198800087,0.00379731925644,-0.00669098750118,0.00429451767237
343773000000,639,343773000000,base_link,-0.0422371998429,-0.00156475650147,0.552096843719,0.0109174139758,-0.00938217525508,-0.00849805555859
343809000000,640,343809000000,base_link,-0.0393519625068,-0.00094795471523,0.540299892426,0.00538000075325,-0.0143875735935,0.00306789293418
343841000000,641,343841000000,base_link,-0.0372873842716,0.000763844174799,0.527891695499,0.00658769675998,-0.0236920533034,0.00157239922472
343873000000,642,343873000000,base_link,-0.0345154702663,0.00340545433573,0.51497733593,0.00815061792838,-0.0175616859801,-0.000139917242516
343909000000,643,343909000000,base_link,-0.0320073924959,0.00400885147974,0.503695249557,0.011342906785,-0.0207967741219,-0.00119533671268
343941000000,644,343941000000,base_link,-0.0294146426022,0.00533996056765,0.492618829012,0.0130324226989,-0.0130980966652,0.000965502763021
343973000000,645,343973000000,base_link,-0.0263545382768,0.00820082705468,0.48186737299,0.014187532007,-0.0200984449897,0.0040386138326
344009000000,646,344009000000,base_link,-0.0232402049005,0.0103794420138,0.470709443092,0.0106723833628,-0.0291595686645,-0.00368835176505
344041000000,647,344041000000,base_link,-0.0211399625987,0.0121995657682,0.461128741503,0.0112944923176,-0.0228216534397,0.000666254898841
344073000000,648,344073000000,base_link,-0.0190167203546,0.0126097518951,0.449278354645,0.0167371626233,-0.0255511030607,0.000649256260155
344109000000,649,344109000000,base_link,-0.0170807074755,0.0130566805601,0.438588470221,0.0151296593711,-0.028358028421,0.00267732886174
344141000000,650,344141000000,base_link,-0.0150613151491,0.0132649298757,0.394921213388,-0.0105295273535,-0.00637753763348,0.017087232312
344173000000,651,344173000000,base_link,-0.01485324651,0.0127321779728,0.275544524193,-0.0640517123438,0.0305457223338,0.0513539164937
344209000000,652,344209000000,base_link,-0.0132222101092,0.0147510403767,0.202074885368,-0.255346416821,0.171831155333,0.126361861123
344241000000,653,344241000000,base_link,-0.0080316150561,0.021109264344,0.178701072931,-0.548512982319,0.46709803695,0.204433292093
344273000000,654,344273000000,base_link,0.00449563469738,0.0338662341237,0.190511777997,-0.616842032798,0.56786665403,0.238968240723
344309000000,655,344309000000,base_link,0.0247139967978,0.0540751703084,0.215410277247,-0.646208840959,0.663968250027,0.27313867114
344341000000,656,344341000000,base_link,0.0505688339472,0.0815531164408,0.235123887658,-0.621762458685,0.713824766784,0.241753777882
344373000000,657,344373000000,base_link,0.0813331529498,0.114386402071,0.242744103074,-0.576583739625,0.684570112791,0.211430588247
344409000000,658,344409000000,base_link,0.130280658603,0.163705974817,0.244234830141,-0.612473750424,0.70492128028,0.179809934149
344441000000,659,344441000000,base_link,0.178295314312,0.209168478847,0.234087318182,-0.560423460576,0.65486587115,0.148574740006
344473000000,660,344473000000,base_link,0.228649839759,0.255066663027,0.20282100141,-0.507698831916,0.618857960528,0.140991078283
344509000000,661,344509000000,base_link,0.283880233765,0.307031869888,0.169809669256,-0.467713871503,0.551151097254,0.124317784135
344541000000,662,344541000000,base_link,0.340301960707,0.357057213783,0.115838244557,-0.324321502174,0.44197069839,0.0914431294548
344573000000,663,344573000000,base_link,0.402101039886,0.412047207355,0.0679988190532,-0.208445005289,0.448817867873,0.0575250054646
344609000000,664,344609000000,base_link,0.493401050568,0.488892614841,0.0384267307818,0.0746352191596,0.431523592021,-0.0291552428175
344641000000,665,344641000000,base_link,0.571927368641,0.54968470335,0.0183799285442,0.320840867473,0.362694409471,-0.0887806790327
344673000000,666,344673000000,base_link,0.64936041832,0.60305839777,-0.0187168158591,0.379146775902,0.318250256192,-0.115703809706
344709000000,667,344709000000,base_link,0.732813119888,0.652430355549,-0.0501785092056,0.476008508612,0.21779587259,-0.140566634572
344741000000,668,344741000000,base_link,0.821565330029,0.699671208858,-0.0650621280074,0.625685614828,0.224613147048,-0.214618472741
344773000000,669,344773000000,base_link,0.916886627674,0.740747272968,-0.0682037696242,0.682192464043,0.20456174401,-0.233941060716
344809000000,670,344809000000,base_link,1.03989481926,0.78206717968,-0.0640923529863,0.809768483724,0.0948560011243,-0.292289176418
344841000000,671,344841000000,base_link,1.13456070423,0.803726613522,-0.0679983720183,0.983976605057,0.0757051615767,-0.365301814494
344873000000,672,344873000000,base_link,1.22716736794,0.813166856766,-0.0813285410404,1.01845506991,0.0768762471786,-0.384713395949
344909000000,673,344909000000,base_link,1.32171416283,0.810987651348,-0.0914877727628,0.976425013641,0.00778224605831,-0.388754365053
344941000000,674,344941000000,base_link,1.41580224037,0.797035813332,-0.0960608795285,0.905104212049,-0.00939371082094,-0.38884068501
344973000000,675,344973000000,base_link,1.53232192993,0.765591800213,-0.100632049143,0.837223851342,-0.0256252789894,-0.368873038889
345009000000,676,345009000000,base_link,1.62715291977,0.729346096516,-0.099418900907,0.760945039416,0.0245684262511,-0.353293689035
345041000000,677,345041000000,base_link,1.71740472317,0.685048520565,-0.100211508572,0.58737869319,0.040592006468,-0.305506300412
345073000000,678,345073000000,base_link,1.80808484554,0.634945273399,-0.100371308625,0.470780651806,0.0233034330605,-0.266436912704
345109000000,679,345109000000,base_link,1.89769649506,0.581403315067,-0.101932346821,0.145120957191,0.0405363421172,-0.153239298465
345141000000,680,345141000000,base_link,1.98674595356,0.52671033144,-0.103201977909,-0.134633154622,0.0362450530576,-0.0479733301061
345173000000,681,345173000000,base_link,2.07639622688,0.471213638783,-0.0987792983651,-0.219165267647,0.06865891146,-0.0150035315091
345209000000,682,345209000000,base_link,2.18991422653,0.406317651272,-0.0939732789993,-0.358509623361,0.119189255817,0.0556760504738
345241000000,683,345241000000,base_link,2.27819871902,0.361048042774,-0.0922361165285,-0.453869851566,0.103280249704,0.10819731414
345273000000,684,345273000000,base_link,2.36692047119,0.320758730173,-0.0893963202834,-0.44763877591,0.116565650881,0.127167100797
345309000000,685,345309000000,base_link,2.45670390129,0.28542175889,-0.0889239907265,-0.424790741055,0.12884733594,0.136522421852
345341000000,686,345341000000,base_link,2.54485988617,0.254591405392,-0.0901514664292,-0.394749828984,0.104098811308,0.147733610736
345373000000,687,345373000000,base_link,2.63129353523,0.22704654932,-0.0921506211162,-0.373410979367,0.104501539181,0.161152977016
345409000000,688,345409000000,base_link,2.73661518097,0.20084156096,-0.0992240682244,-0.310595710585,0.0562664332596,0.14338975559
345441000000,689,345441000000,base_link,2.82626605034,0.183155447245,-0.102548129857,-0.255772161952,0.128167134472,0.137771512952
345473000000,690,345473000000,base_link,2.91675567627,0.167935594916,-0.103451892734,-0.21578372555,0.140049307645,0.129175511946
345509000000,691,345509000000,base_link,3.00570702553,0.156377390027,-0.109341733158,-0.157819300074,0.112882636103,0.108005180801
345541000000,692,345541000000,base_link,3.09459209442,0.146159052849,-0.120293952525,-0.172861968356,0.0741571873407,0.117397293884
345573000000,693,345573000000,base_link,3.18683481216,0.137902975082,-0.120297513902,-0.246409680504,0.0594481296875,0.141450431777
345609000000,694,345609000000,base_link,3.30497121811,0.133273810148,-0.114034697413,-0.438584829115,0.0872220030131,0.212394626268
345641000000,695,345641000000,base_link,3.39790558815,0.135175943375,-0.116444021463,-0.588158987721,0.0799908248778,0.257740289174
345673000000,696,345673000000,base_link,3.48920464516,0.143745318055,-0.122454382479,-0.633273335756,0.0540635487573,0.284591461126
345709000000,697,345709000000,base_link,3.5798561573,0.161281704903,-0.126377344131,-0.691093198521,0.0439817667293,0.315929828618
345741000000,698,345741000000,base_link,3.66903710365,0.186239600182,-0.129894271493,-0.394506229281,0.0122861341333,0.215402036661
345773000000,699,345773000000,base_link,3.75585722923,0.214535579085,-0.134298607707,-0.153804749458,0.0442009817658,0.124223484151
345809000000,700,345809000000,base_link,3.86426973343,0.248286172748,-0.139949917793,0.289483363777,0.081314128491,-0.050493713223
345841000000,701,345841000000,base_link,3.94997692108,0.270646184683,-0.143585979939,0.605909862163,0.094525040824,-0.17044935887
345873000000,702,345873000000,base_link,4.03740739822,0.286992788315,-0.145392432809,0.719397125121,0.107714124259,-0.227815930779
345909000000,703,345909000000,base_link,4.12532949448,0.295256465673,-0.145085170865,0.823835800739,0.0844787068819,-0.296221573637
345941000000,704,345941000000,base_link,4.21560239792,0.293796420097,-0.134907767177,0.873469376403,0.131673952356,-0.357485324069
345973000000,705,345973000000,base_link,4.30637025833,0.281434893608,-0.121568746865,0.857450168163,0.149355522606,-0.379626600977
346009000000,706,346009000000,base_link,4.4177904129,0.25221195817,-0.113293297589,0.756049900136,0.0959866046701,-0.370296858038
346041000000,707,346041000000,base_link,4.50210142136,0.220741137862,-0.117730736732,0.62450191618,0.126153931383,-0.341625087798
346073000000,708,346073000000,base_link,4.58271074295,0.184461697936,-0.130562886596,0.455877468246,0.119004596898,-0.282444986401
346109000000,709,346109000000,base_link,4.66372013092,0.143053710461,-0.144224181771,0.0028092106653,0.119800560622,-0.108880869947
346141000000,710,346141000000,base_link,4.74513912201,0.103479400277,-0.154156088829,-0.40454315616,0.135722210909,0.0779354706381
346173000000,711,346173000000,base_link,4.83230781555,0.068744674325,-0.155912354589,-0.566729401526,0.130180120928,0.144006406598
346209000000,712,346209000000,base_link,4.94573640823,0.0352702848613,-0.147527635098,-0.87156096558,0.18531386347,0.306855944759
346241000000,713,346241000000,base_link,5.0384683609,0.0219003558159,-0.141641065478,-0.983277997599,0.172364374361,0.409826162699
346273000000,714,346273000000,base_link,5.13172340393,0.0196178108454,-0.137988224626,-0.960876595291,0.143694232172,0.423010629386
346309000000,715,346309000000,base_link,5.2470407486,0.0324487835169,-0.13851608336,-0.935311908741,0.0950968281694,0.46191311142
346341000000,716,346341000000,base_link,5.31329250336,0.0477441810071,-0.141736909747,-0.825560603272,0.00462443652797,0.459634119489
346373000000,717,346373000000,base_link,5.41716957092,0.0843352004886,-0.157698616385,-0.788490826255,-0.100904158332,0.467781213465
346409000000,718,346409000000,base_link,5.49149894714,0.121076442301,-0.17805172503,-0.472338993516,-0.441106044262,0.390720740289
346441000000,719,346441000000,base_link,5.55777215958,0.160639643669,-0.202659100294,0.00212791928886,-0.73482709077,0.252606986728
346473000000,720,346473000000,base_link,5.61594867706,0.20128621161,-0.223312586546,0.25076965593,-0.862886832717,0.173811164634
346509000000,721,346509000000,base_link,5.66492652893,0.238016948104,-0.232811018825,0.590788175027,-0.959704411313,0.0530056587161
346541000000,722,346541000000,base_link,5.70553779602,0.270620048046,-0.225046142936,0.965182628341,-0.722630017384,-0.129883659524
346573000000,723,346573000000,base_link,5.73898458481,0.292123377323,-0.209805160761,1.06441215352,-0.547266575858,-0.190377257558
346609000000,724,346609000000,base_link,5.77375411987,0.301997423172,-0.189025893807,1.02204838308,-0.220586171282,-0.239319393497
346641000000,725,346641000000,base_link,5.79733562469,0.29859662056,-0.172151848674,0.762260378114,0.14128093442,-0.224308551576
346673000000,726,346673000000,base_link,5.82078456879,0.288094371557,-0.162824898958,0.556912306523,0.277948329548,-0.18711956399
346709000000,727,346709000000,base_link,5.84506320953,0.272672057152,-0.16304820776,0.10113350347,0.315111018764,-0.100398687554
346741000000,728,346741000000,base_link,5.87079572678,0.258717089891,-0.166934415698,-0.282722592328,0.307053035007,-0.00200801819695
346773000000,729,346773000000,base_link,5.89695549011,0.248658195138,-0.167860031128,-0.474790763305,0.315659594085,0.0567530115923
346809000000,730,346809000000,base_link,5.94011354446,0.244682043791,-0.143590912223,-0.753912005471,0.240985038541,0.158716806322
346841000000,731,346841000000,base_link,5.98067998886,0.251911610365,-0.111096054316,-0.853541791387,0.207235191719,0.231270309353
346873000000,732,346873000000,base_link,6.02078390121,0.268735140562,-0.0904815718532,-0.845373956095,0.153198743797,0.254717439115
346909000000,733,346909000000,base_link,6.05621051788,0.293134063482,-0.0885775610805,-0.834959904515,-0.0546147331053,0.2924280423
346941000000,734,346941000000,base_link,6.08419513702,0.323220700026,-0.108908504248,-0.649350264919,-0.156775225174,0.274702721766
346973000000,735,346973000000,base_link,6.10539197922,0.359341204166,-0.139616325498,-0.46193652091,-0.132578761871,0.221396307566
347009000000,736,347009000000,base_link,6.13112211227,0.407071262598,-0.175566360354,0.0276025998365,-0.163855646677,0.0967657031044
347041000000,737,347041000000,base_link,6.1545290947,0.443335711956,-0.194779217243,0.465339725363,-0.0985763812218,-0.0363038074957
347073000000,738,347073000000,base_link,6.17503452301,0.477692484856,-0.202557966113,0.673729150477,-0.0574182176995,-0.107890770945
347109000000,739,347109000000,base_link,6.19507217407,0.503955900669,-0.203244969249,0.928887628286,-0.0368884627434,-0.210363934387
347141000000,740,347141000000,base_link,6.21594810486,0.519961297512,-0.201818645,1.06481466773,-0.124823420267,-0.285107357106
347173000000,741,347173000000,base_link,6.23720932007,0.524140954018,-0.197745293379,1.08573885513,-0.145292945067,-0.310154356003
347209000000,742,347209000000,base_link,6.26356840134,0.513696312904,-0.192956715822,1.0086836579,-0.141799674261,-0.323272765164
347241000000,743,347241000000,base_link,6.2821059227,0.49448415637,-0.194578304887,0.615897892775,-0.239681691813,-0.263193745609
347273000000,744,347273000000,base_link,6.2958445549,0.469317406416,-0.200070515275,0.34960610313,-0.315512554418,-0.207895512041
347309000000,745,347309000000,base_link,6.30662965775,0.442254126072,-0.203326493502,-0.125557695642,-0.309355873488,-0.102142533212
347341000000,746,347341000000,base_link,6.31185817719,0.418671578169,-0.203944385052,-0.430052584873,-0.211787947742,-0.0175465498825
347373000000,747,347373000000,base_link,6.31643772125,0.398332685232,-0.200614571571,-0.50515383533,-0.199856757405,0.0181708507231
347409000000,748,347409000000,base_link,6.32189035416,0.381509751081,-0.179415374994,-0.53353368312,-0.117684366724,0.0546286572284
347441000000,749,347441000000,base_link,6.32662010193,0.373887717724,-0.16505895555,-0.471375565459,-0.0246708161645,0.0793227390907
347473000000,750,347473000000,base_link,6.33050680161,0.371519386768,-0.156602308154,-0.433709359351,0.00375863463991,0.0825055691994
347509000000,751,347509000000,base_link,6.33460760117,0.373768091202,-0.150324583054,-0.346687862851,-0.0822951183751,0.0878840381954
347541000000,752,347541000000,base_link,6.33634710312,0.376855880022,-0.140150919557,-0.221082412052,-0.0706338046178,0.0785207601509
347573000000,753,347573000000,base_link,6.33914232254,0.382584065199,-0.126990288496,-0.143060595343,-0.013281658104,0.0627430258675
347609000000,754,347609000000,base_link,6.33966636658,0.392599970102,-0.117154926062,-0.0577640382157,-0.0804796079848,0.0532579474596
347641000000,755,347641000000,base_link,6.33878183365,0.400531262159,-0.114302918315,-0.0477594221573,-0.0335956629668,0.0459603294382
347673000000,756,347673000000,base_link,6.33477687836,0.407413899899,-0.11579695344,-0.0523490347797,0.0165541068638,0.0410906828032
347709000000,757,347709000000,base_link,6.33057403564,0.416138529778,-0.118483506143,-0.0603246736773,0.064256499846,0.0366836777091
347741000000,758,347741000000,base_link,6.32827234268,0.425350725651,-0.118809573352,-0.0724476459941,0.0162713006373,0.0312734552515
347773000000,759,347773000000,base_link,6.32749700546,0.43663880229,-0.118486620486,-0.109380243692,0.0299110430686,0.0365644012425
347809000000,760,347809000000,base_link,6.32751512527,0.451741367579,-0.119279153645,-0.13810740051,-0.000235590069746,0.0421262121695
347841000000,761,347841000000,base_link,6.32775211334,0.465939372778,-0.118187524378,-0.182564794985,0.0212233382305,0.0464788360864
347873000000,762,347873000000,base_link,6.32769823074,0.481330543756,-0.117235034704,-0.191593010187,0.0502545438845,0.0517853311251
347909000000,763,347909000000,base_link,6.32785463333,0.49957177043,-0.117556028068,-0.186664941267,0.0447983630297,0.0516123835693
347941000000,764,347941000000,base_link,6.3282661438,0.51855391264,-0.12054283917,-0.147296819444,-0.0706586739214,0.0480241387894
347973000000,765,347973000000,base_link,6.328977108,0.539134383202,-0.120520748198,-0.146046399462,-0.0716985945666,0.0538575295264
348009000000,766,348009000000,base_link,6.33295202255,0.568287432194,-0.120563395321,-0.198030065217,0.00686476892181,0.0581567548112
348041000000,767,348041000000,base_link,6.33725357056,0.593407809734,-0.121039308608,-0.19747086477,0.03819430635,0.0578147411014
348073000000,768,348073000000,base_link,6.34103727341,0.619154334068,-0.124008305371,-0.194353559937,-0.0172810205075,0.0665058948538
348109000000,769,348109000000,base_link,6.34427690506,0.648828327656,-0.130517303944,-0.238682464048,-0.0564790806764,0.0725194921761
348141000000,770,348141000000,base_link,6.34726428986,0.681051194668,-0.134114563465,-0.27200971138,-0.0413748847804,0.0749652475848
348173000000,771,348173000000,base_link,6.35090303421,0.715331852436,-0.135646626353,-0.331677234893,-0.0488023817692,0.0925964927955
348209000000,772,348209000000,base_link,6.3533039093,0.764365434647,-0.138412311673,-0.419686137909,-0.148323688377,0.1189514986
348241000000,773,348241000000,base_link,6.35689926147,0.807973146439,-0.14075781405,-0.414031909864,-0.136830747979,0.113766610377
348273000000,774,348273000000,base_link,6.35856485367,0.856303393841,-0.146419033408,-0.356773147796,-0.108745950323,0.109703936109
348309000000,775,348309000000,base_link,6.35948419571,0.905579686165,-0.154120564461,-0.0600528838912,-0.158664508115,0.0758805200174
348341000000,776,348341000000,base_link,6.35888910294,0.954872429371,-0.155041024089,0.352614742968,-0.0479232675179,-0.0228730709903
348373000000,777,348373000000,base_link,6.35791635513,1.00076651573,-0.154851853848,0.536738959463,0.0253095648282,-0.073259516801
348409000000,778,348409000000,base_link,6.35643863678,1.04889917374,-0.15375341475,0.770908654595,0.0897218085305,-0.136073423352
348441000000,779,348441000000,base_link,6.35517835617,1.07629108429,-0.155347302556,0.92849149523,0.0137016642947,-0.178407126612
348473000000,780,348473000000,base_link,6.35330724716,1.09451425076,-0.157520055771,0.85842652793,-0.0100813630838,-0.180002470464
348509000000,781,348509000000,base_link,6.35007286072,1.105027318,-0.158393785357,0.511090510317,-0.0592476768552,-0.140796395563
348541000000,782,348541000000,base_link,6.34524536133,1.11313247681,-0.156941950321,0.080627600409,-0.174037834938,-0.0863340895563
348573000000,783,348573000000,base_link,6.34177494049,1.11789572239,-0.150911197066,-0.0983911909855,-0.1492088396,-0.0607254050041
348609000000,784,348609000000,base_link,6.33626317978,1.12901484966,-0.140406787395,-0.438154392572,-0.0434604623001,-0.00217304290382
348641000000,785,348641000000,base_link,6.33157682419,1.14287102222,-0.131161406636,-0.558697452726,-0.0610418644698,0.0498938128114
348673000000,786,348673000000,base_link,6.3271985054,1.16307628155,-0.110762141645,-0.513791808573,-0.0272512780038,0.0459952661098
348709000000,787,348709000000,base_link,6.3219127655,1.18785786629,-0.0957823246717,-0.325481193809,0.129876720281,0.0267275911003
348741000000,788,348741000000,base_link,6.31754589081,1.21342837811,-0.0870998725295,-0.0968282101876,0.118378079446,0.0178931119638
348773000000,789,348773000000,base_link,6.31536722183,1.2405821085,-0.0816895067692,0.0130825099098,0.119003772141,0.00115279991429
348809000000,790,348809000000,base_link,6.31452035904,1.27194321156,-0.0803299471736,0.153883052679,0.168237095519,-0.0295186727762
348841000000,791,348841000000,base_link,6.31576299667,1.29296016693,-0.0862498655915,0.263685335679,0.0801551237567,-0.0427532780627
348873000000,792,348873000000,base_link,6.31747245789,1.30973517895,-0.0973737090826,0.271306468201,0.0747371637396,-0.0494909095905
348909000000,793,348909000000,base_link,6.31751203537,1.32549989223,-0.108726978302,0.258821439171,0.076747749067,-0.0607993132392
348941000000,794,348941000000,base_link,6.32034301758,1.33838331699,-0.114892788231,0.378677103015,0.0020785019456,-0.0853148920932
348973000000,795,348973000000,base_link,6.32559490204,1.34628546238,-0.117789775133,0.470622836765,0.0143995427577,-0.113498982283
349009000000,796,349009000000,base_link,6.33339118958,1.34862470627,-0.118978969753,0.590242434954,0.0475643463892,-0.14992522331
349041000000,797,349041000000,base_link,6.34038972855,1.34326589108,-0.11868301034,0.70163266339,-0.0592320157511,-0.173891433797
349073000000,798,349073000000,base_link,6.34587812424,1.32990121841,-0.116514518857,0.662608357874,-0.0693439428309,-0.174748490987
349109000000,799,349109000000,base_link,6.35208272934,1.30465376377,-0.110476657748,0.498200182321,-0.0711458630837,-0.153046517746
349141000000,800,349141000000,base_link,6.35606956482,1.28586852551,-0.106351494789,0.257995654722,-0.00700714352154,-0.117002593577
349173000000,801,349173000000,base_link,6.36254644394,1.25963699818,-0.101922683418,0.123989541848,0.022357052883,-0.0919690931331
349209000000,802,349209000000,base_link,6.37084197998,1.22670042515,-0.0995713099837,-0.144590003435,-0.0285850407868,-0.0383585530127
349241000000,803,349241000000,base_link,6.3775806427,1.20270442963,-0.0934534594417,-0.335626788615,-0.0131662580642,0.0136861861791
349273000000,804,349273000000,base_link,6.38458538055,1.18177711964,-0.0763422101736,-0.370313371509,0.0125878323715,0.0310742939683
349309000000,805,349309000000,base_link,6.39162778854,1.16502857208,-0.060959842056,-0.410270714748,0.0346540678009,0.0555975918102
349341000000,806,349341000000,base_link,6.39831781387,1.15371072292,-0.0505587235093,-0.381479743151,-0.039145117648,0.0743690970925
349373000000,807,349373000000,base_link,6.40869426727,1.14354109764,-0.0413964353502,-0.357360318071,-0.0445926505262,0.0837359201255
349409000000,808,349409000000,base_link,6.41714000702,1.14000368118,-0.03910093382,-0.315920128715,-0.0180498975067,0.078219513435
349441000000,809,349441000000,base_link,6.42077207565,1.13899898529,-0.0423713587224,-0.22590599824,-0.0838557687391,0.0777438874799
349473000000,810,349473000000,base_link,6.42477941513,1.13934648037,-0.049535240978,-0.209139224111,-0.0897244920865,0.0791914939767
349509000000,811,349509000000,base_link,6.42661952972,1.14196050167,-0.0550731383264,-0.181019715702,-0.0573233257563,0.0743212420241
349541000000,812,349541000000,base_link,6.4271402359,1.14588928223,-0.0619990080595,-0.138636840935,-0.0996035995927,0.0700735540499
349573000000,813,349573000000,base_link,6.42825841904,1.15226531029,-0.0698897093534,-0.139157497912,-0.0833760757346,0.0688630661207
349609000000,814,349609000000,base_link,6.43043756485,1.16161441803,-0.0765933394432,-0.147283746106,-0.0288035474064,0.0591748233492
349641000000,815,349641000000,base_link,6.43169116974,1.17115724087,-0.0795790180564,-0.12147143094,-0.0679410680255,0.0551297622063
349673000000,816,349673000000,base_link,6.43089962006,1.18229353428,-0.0815574154258,-0.131151828224,-0.056531010508,0.0521564258823
349709000000,817,349709000000,base_link,6.43024635315,1.19375276566,-0.0832345485687,-0.118782317531,-0.0288031215809,0.0454322897598
349741000000,818,349741000000,base_link,6.42718744278,1.20748770237,-0.0860560834408,-0.0232820522993,-0.113982243699,0.03728076294
349773000000,819,349773000000,base_link,6.42442989349,1.22061359882,-0.0842041894794,-0.00372835216529,-0.0950988018309,0.0310096038807
349809000000,820,349809000000,base_link,6.42082452774,1.2368491888,-0.0821922570467,0.0210756109485,-0.0742340829035,0.019306248414
349841000000,821,349841000000,base_link,6.41728115082,1.24947929382,-0.0812777355313,0.015399301391,0.000896619645965,0.0071421062744
349873000000,822,349873000000,base_link,6.41241455078,1.26171410084,-0.0808450505137,0.0210511975361,0.0351963637021,0.000210354959316
349909000000,823,349909000000,base_link,6.40796375275,1.27401864529,-0.0818222463131,0.083211354057,-0.0365111191399,-0.00123878693562
349941000000,824,349941000000,base_link,6.40193605423,1.28487491608,-0.0781812295318,0.0946665092021,0.00648049621878,-0.0147546030564
349973000000,825,349973000000,base_link,6.39734220505,1.29553794861,-0.0736982822418,0.0824575080363,0.0476048904664,-0.0182027733199
350009000000,826,350009000000,base_link,6.39359998703,1.3065379858,-0.0709731429815,0.119783494443,-0.00787930424343,-0.0245939928313
350041000000,827,350041000000,base_link,6.39045381546,1.31303548813,-0.0674901679158,0.100135627321,0.0339291679417,-0.0261307115023
350073000000,828,350073000000,base_link,6.38617324829,1.31856358051,-0.0653175488114,0.074768243145,0.0797021159283,-0.028481749202
350109000000,829,350109000000,base_link,6.38150501251,1.32392811775,-0.0638073757291,0.0612908659783,0.125267370368,-0.0313160739335
350141000000,830,350141000000,base_link,6.37848329544,1.32822072506,-0.0620164498687,0.0780182110538,0.0559179208012,-0.02712443055
350173000000,831,350173000000,base_link,6.37748384476,1.33064901829,-0.0603250712156,0.0654414586659,0.0701826002946,-0.0317692570822
350209000000,832,350209000000,base_link,6.37874650955,1.33518028259,-0.0575319901109,0.0780918553643,0.0211588972243,-0.0256175733552
350241000000,833,350241000000,base_link,6.37985706329,1.33679282665,-0.0563742928207,0.0616969672112,0.0437024762953,-0.0264964616914
350272000000,834,350272000000,base_link,6.37935352325,1.33740496635,-0.0583157129586,0.0453475266568,0.0629018697322,-0.0213586714452
350309000000,835,350309000000,base_link,6.37974643707,1.33750283718,-0.0586155541241,0.0560831722579,0.0106184115333,-0.0265894134296
350341000000,836,350341000000,base_link,6.37930727005,1.33760404587,-0.0602591261268,0.0405464391593,0.0314619758739,-0.0214894671189
350373000000,837,350373000000,base_link,6.38332080841,1.33761739731,-0.0600356422365,0.0280264224409,0.047264779359,-0.0243559226525
350409000000,838,350409000000,base_link,6.38926315308,1.33734035492,-0.0601944215596,0.0369144163496,-0.00742657475701,-0.0152721945585
350441000000,839,350441000000,base_link,6.39527797699,1.33638370037,-0.0595092698932,0.02500799796,0.00835871194005,-0.0143262093351
350473000000,840,350473000000,base_link,6.40154218674,1.33397912979,-0.0608128011227,0.0246663693453,0.0329036259262,-0.0166896868647
350509000000,841,350509000000,base_link,6.40581703186,1.33213460445,-0.0618905611336,-0.0114476887137,0.0199030432198,-0.0109052984228
350541000000,842,350541000000,base_link,6.41021871567,1.32925653458,-0.0633695945144,0.0177247042955,-0.0689461037668,-0.00771160701576
350573000000,843,350573000000,base_link,6.41361713409,1.32908880711,-0.0582189634442,0.0342945813916,-0.0722185792798,-0.0157683436035
350609000000,844,350609000000,base_link,6.41899585724,1.32504403591,-0.0480699390173,0.125941768347,0.0250011293828,-0.0389507076447
350641000000,845,350641000000,base_link,6.42656135559,1.32017445564,-0.0426306426525,0.289846530187,0.0756292456598,-0.0639942222318
350673000000,846,350673000000,base_link,6.43538951874,1.31229710579,-0.040997967124,0.41686817376,0.0609030715132,-0.0878797125946
350709000000,847,350709000000,base_link,6.44508981705,1.29850375652,-0.0413716435432,0.578606516193,-0.0713282371671,-0.125889328274
350741000000,848,350741000000,base_link,6.45156145096,1.27821564674,-0.0406734719872,0.650418867037,-0.0987626268092,-0.154299169559
350772000000,849,350772000000,base_link,6.45644903183,1.25112199783,-0.0416269563138,0.666839907254,-0.150701956831,-0.158393403009
350809000000,850,350809000000,base_link,6.4613776207,1.20816373825,-0.03735319525,0.627895032088,-0.114897393342,-0.167821608273
350841000000,851,350841000000,base_link,6.46399021149,1.16583836079,-0.0358110032976,0.593108982155,-0.0235012270965,-0.165789259148
350873000000,852,350873000000,base_link,6.46655368805,1.12027287483,-0.034890729934,0.508297997915,0.00550875066223,-0.153089886627
350909000000,853,350909000000,base_link,6.46829462051,1.06993842125,-0.0331269390881,0.209856078582,-0.0353442895984,-0.113824798062
350941000000,854,350941000000,base_link,6.46940565109,1.01712930202,-0.0242110658437,-0.121687259652,0.00172661451458,-0.0499362677062
350973000000,855,350973000000,base_link,6.47060203552,0.967805564404,-0.0143711911514,-0.2742840475,-0.0305246904438,-0.0255624359677
351009000000,856,351009000000,base_link,6.47135162354,0.911032557487,0.00446404097602,-0.567708978143,-0.00481660694107,0.0552241536875
351041000000,857,351041000000,base_link,6.47298717499,0.873999297619,0.0180598609149,-0.796089579795,0.0426517100438,0.132372643207
351073000000,858,351073000000,base_link,6.47471141815,0.845232367516,0.0318051092327,-0.831022936241,0.0170354884533,0.150362265545
351109000000,859,351109000000,base_link,6.47464847565,0.827910125256,0.0450612045825,-0.906648098107,0.0338854723986,0.190883543554
351141000000,860,351141000000,base_link,6.47460603714,0.819807052612,0.0528147369623,-0.88764879975,-0.0168409494198,0.202972212792
351173000000,861,351173000000,base_link,6.47362089157,0.820406973362,0.0560491159558,-0.902835632466,-0.0217117069378,0.227179579975
351209000000,862,351209000000,base_link,6.47290611267,0.836177825928,0.0555699467659,-0.887225530581,0.0323095357395,0.238986709881
351241000000,863,351241000000,base_link,6.47176885605,0.856762230396,0.0540093779564,-0.736662921258,0.0344502183327,0.231597892998
351273000000,864,351273000000,base_link,6.47102069855,0.883959412575,0.0468212030828,-0.595931283086,-0.00800107989997,0.213761252263
351309000000,865,351309000000,base_link,6.46711111069,0.913901984692,0.0246904231608,-0.36708490731,-0.0675661599774,0.175029548869
351341000000,866,351341000000,base_link,6.46141624451,0.947967290878,-0.00324419885874,-0.236011966478,-0.0521349264462,0.146278859437
351373000000,867,351373000000,base_link,6.45389986038,0.984605848789,-0.0273527167737,-0.143528923146,-0.0813472638991,0.12354250855
351409000000,868,351409000000,base_link,6.44364881516,1.02951586246,-0.0520544983447,0.133973078266,-0.0487968631159,0.0505044531364
351441000000,869,351441000000,base_link,6.43674850464,1.0646494627,-0.0644831582904,0.513732591379,0.0088640653351,-0.0381424031094
351473000000,870,351473000000,base_link,6.43113136292,1.09734511375,-0.0694444105029,0.644686294188,-0.0199435330081,-0.0698539860303
351509000000,871,351509000000,base_link,6.42629575729,1.12754094601,-0.0645812004805,0.606526566896,0.0135626748607,-0.0872608835555
351541000000,872,351541000000,base_link,6.42195415497,1.14225018024,-0.0611904300749,0.383276742543,0.0734875583729,-0.0904820575431
351573000000,873,351573000000,base_link,6.417345047,1.1582826376,-0.0562879443169,0.254509012869,0.0410903001001,-0.0750801518398
351609000000,874,351609000000,base_link,6.41116905212,1.17534554005,-0.0487617813051,-0.0707628680966,0.0231943588059,-0.0296849970975
351641000000,875,351641000000,base_link,6.40921831131,1.19148910046,-0.0448155254126,-0.215746075325,0.0402268559295,-0.0106047865524
351673000000,876,351673000000,base_link,6.40839338303,1.20896887779,-0.0455296561122,-0.205805043986,0.0154967375703,-0.00313268691939
351709000000,877,351709000000,base_link,6.40645647049,1.22792339325,-0.0452580489218,-0.107273197274,0.0122135875121,-0.0111165579367
351741000000,878,351741000000,base_link,6.40540599823,1.24770927429,-0.0456833839417,-0.0088072601606,0.0512253082324,-0.0125467615324
351773000000,879,351773000000,base_link,6.40473079681,1.26811718941,-0.0475771464407,0.0570308054673,0.0152396207707,-0.0276799267574
351809000000,880,351809000000,base_link,6.40256357193,1.29033482075,-0.0498901419342,0.13696025084,0.0397305801413,-0.0437055118758
351841000000,881,351841000000,base_link,6.40376615524,1.307513237,-0.051705263555,0.172112821789,0.0591695670514,-0.0485429258477
351873000000,882,351873000000,base_link,6.40673875809,1.32171475887,-0.0546232312918,0.212057154238,-0.00718781040349,-0.0532798326589
351909000000,883,351909000000,base_link,6.40931987762,1.33413887024,-0.0538077168167,0.223484745496,-0.0198151085964,-0.0547474531486
351941000000,884,351941000000,base_link,6.41066980362,1.34336900711,-0.0520817898214,0.201217048142,0.00151311090535,-0.0638837049086
351973000000,885,351973000000,base_link,6.41039848328,1.3510158062,-0.0520388260484,0.2057891144,-0.0363129106063,-0.0711456279994
352009000000,886,352008000000,base_link,6.41009378433,1.35801041126,-0.047311976552,0.171932713191,-0.0309562324126,-0.0571437330161
352041000000,887,352041000000,base_link,6.41151809692,1.36198854446,-0.0465724132955,0.14000612589,0.0121397808476,-0.0579428338289
352073000000,888,352073000000,base_link,6.41454172134,1.36444723606,-0.0462587550282,0.138425861315,-0.0248158857197,-0.0547947657414
352109000000,889,352109000000,base_link,6.41631555557,1.36549341679,-0.0417998917401,0.105494825294,0.00749004603675,-0.0477124805814
352141000000,890,352141000000,base_link,6.41679906845,1.36460030079,-0.0399841926992,0.0640620191319,0.0757521971446,-0.0393484709509
352173000000,891,352173000000,base_link,6.41886758804,1.36293649673,-0.0376910530031,0.0677736670559,0.0454420446204,-0.0372349304122
352209000000,892,352209000000,base_link,6.42311191559,1.360450387,-0.0295084044337,0.0596469516997,0.0430819053543,-0.0285314281589
352241000000,893,352241000000,base_link,6.42863178253,1.35784423351,-0.0269860848784,0.032250574316,0.0600333766808,-0.0327140338682
352273000000,894,352273000000,base_link,6.43405675888,1.35407948494,-0.0249448884279,0.0388463255468,0.0141293869592,-0.0310747731546
352309000000,895,352309000000,base_link,6.43856287003,1.35048103333,-0.0244169645011,0.023326860525,-0.00356001508156,-0.0172121806037
352341000000,896,352341000000,base_link,6.44167375565,1.34569132328,-0.0252199620008,0.0136492306453,-0.0531832024402,-0.0153410763193
352373000000,897,352373000000,base_link,6.44514942169,1.34260821342,-0.0246288497001,0.00921359214975,-0.0444446485585,-0.0139996338969
352409000000,898,352409000000,base_link,6.44844722748,1.33725309372,-0.0252793729305,-0.020975340269,0.00406974156303,-0.00667947745002
352441000000,899,352441000000,base_link,6.45464324951,1.33255159855,-0.0272511858493,-0.0214114311683,0.0049105781789,-0.00312258873371
352473000000,900,352473000000,base_link,6.4610285759,1.32757043839,-0.0298027191311,0.0150427773778,-0.0530026324916,-0.0117332381902
352509000000,901,352509000000,base_link,6.46505594254,1.32219541073,-0.0269287247211,0.0122005154705,-0.086202871035,-0.0037611287563
352541000000,902,352541000000,base_link,6.46733951569,1.31783497334,-0.024014275521,-0.0235372172413,-0.0509170651503,0.00709633454783
352573000000,903,352573000000,base_link,6.46699571609,1.3141644001,-0.0239244438708,-0.0140487531691,-0.0703808674456,0.00288129155829
352609000000,904,352609000000,base_link,6.46726131439,1.30856370926,-0.0196336973459,-0.030895762363,-0.0634441110336,0.00445277881727
352641000000,905,352641000000,base_link,6.46781492233,1.30422365665,-0.0169274695218,-0.0742446647363,0.0278948909397,0.00819520589163
352673000000,906,352673000000,base_link,6.46642637253,1.30245161057,-0.017465621233,-0.0849798588689,0.0574382976183,0.00782871821414
352709000000,907,352709000000,base_link,6.464199543,1.30015003681,-0.0161648411304,-0.0288320301567,-0.000838158530545,0.0173006125103
352741000000,908,352741000000,base_link,6.46263694763,1.29858279228,-0.0125152021646,-0.0329799392277,0.0267620161841,0.0120534629395
352773000000,909,352773000000,base_link,6.46245098114,1.29513597488,-0.0110070928931,-0.0393283013693,0.0402707196186,0.00192730547101
352809000000,910,352809000000,base_link,6.46288728714,1.29418599606,-0.0102864895016,-0.0202371661835,-0.0102143425927,0.0072094658407
352841000000,911,352841000000,base_link,6.46302700043,1.29108846188,-0.0105265462771,-0.0354235426334,0.0190715692052,0.00574028779916
352873000000,912,352873000000,base_link,6.46300029755,1.28969287872,-0.0125073874369,-0.0487848719936,0.033686391096,0.0115693639845
352909000000,913,352909000000,base_link,6.46171998978,1.28935289383,-0.0161821041256,-0.0104592648433,-0.0533603235128,0.00360418350602
352941000000,914,352941000000,base_link,6.45956325531,1.28768408298,-0.0162911266088,-0.0195373277678,-0.029862618281,0.00738419632659
352973000000,915,352973000000,base_link,6.45971822739,1.28668689728,-0.0166901834309,-0.0391854467309,0.00963228530945,0.0112994619983
353009000000,916,353009000000,base_link,6.459004879,1.28633856773,-0.0189297385514,-0.00544304781259,-0.0480388386606,0.00445964088983
353041000000,917,353041000000,base_link,6.4591088295,1.28617942333,-0.0167936347425,-0.0249022919432,0.00580949270995,0.011249270119
353073000000,918,353073000000,base_link,6.45898008347,1.28540790081,-0.0170314405113,-0.0323948622992,0.024893774507,0.00688064815794
353109000000,919,353109000000,base_link,6.45719337463,1.28503501415,-0.0192064289004,-0.0017893708882,-0.0267335868189,-0.00216118577202
353141000000,920,353141000000,base_link,6.45504903793,1.28650355339,-0.0167873632163,-0.0225403859446,0.0203986870615,0.0112089995115
353173000000,921,353173000000,base_link,6.45621919632,1.28741490841,-0.0148485936224,-0.0367681609737,0.0548109674192,0.000881789438457
353209000000,922,353209000000,base_link,6.46099853516,1.28813099861,-0.014186645858,-0.0090811148716,0.0310336905814,-0.00409902329863
353241000000,923,353241000000,base_link,6.46623659134,1.28796684742,-0.013668583706,-0.0194727128303,0.0341663236947,0.00113793383756
353273000000,924,353273000000,base_link,6.47006702423,1.2897131443,-0.0154924476519,-0.0159047733857,0.0455201340871,0.00180752709771
353309000000,925,353309000000,base_link,6.47426939011,1.29032719135,-0.0185084659606,-0.00306320404722,-0.0332114598314,-0.00598687161558
353341000000,926,353341000000,base_link,6.47635650635,1.29120910168,-0.019890634343,8.69985571245e-05,-0.0253593963593,0.00012451801482
353373000000,927,353373000000,base_link,6.47966384888,1.29251909256,-0.0220864377916,-0.0070562172305,-0.0205267201564,-0.00261186870934
353409000000,928,353409000000,base_link,6.48375701904,1.29442739487,-0.0245524737984,0.015460436175,-0.0757325015328,-0.00489876404631
353441000000,929,353441000000,base_link,6.48627185822,1.29573523998,-0.0268199462444,0.000243606298019,-0.0342563896562,-0.00866803804075
353473000000,930,353473000000,base_link,6.48726081848,1.29798483849,-0.0274863913655,0.000367470402673,-0.0170108692667,-0.00261355800856
353509000000,931,353509000000,base_link,6.48442554474,1.29826724529,-0.0286222249269,0.0344021892689,-0.096213175458,-0.0099642835571
353541000000,932,353541000000,base_link,6.48393154144,1.30003345013,-0.0255119334906,0.0223983163335,-0.060117660833,-0.00427762448938
353573000000,933,353573000000,base_link,6.48373842239,1.30140924454,-0.0216937176883,0.00809798345041,-0.0184637788868,-0.00388545142009
353609000000,934,353609000000,base_link,6.48275089264,1.30270755291,-0.0216844584793,0.0297257435697,-0.0493904092929,-0.00568932395295
353641000000,935,353641000000,base_link,6.48260593414,1.30246961117,-0.0177756212652,0.0139145072523,-0.00424839145103,-0.0019941187658
